TransactionDate,CustomerAgeBucket,State,CustomerGender,CustomerIncomeGroup,MarketChannel,ProductCategory,ProductSubCategory,ProductBrand,ProductName,UnitCost,ProductCost,NumberOfUnits,DiscountRate,TotalCost,ShippingCost,Profit,PaymentMethod,DeliveryTime
2021-04-17,46-55,FL,Male,Low,Organic,Electronics,Smartphones,Apple,iPhone 14,954.0,700.0,2.0,9.0,1907.0,15.0,492.0,Debit Card,6.0
2021-04-17,26-35,OH,Female,Low,Organic,Beauty,Makeup,Maybelline,Lash Sensational Mascara,15.0,10.0,3.0,8.0,45.0,5.0,10.0,Credit Card,5.0
2021-04-17,56-65,GA,Male,Middle,App,Clothing,T-Shirts,Adidas,Performance,51.0,45.0,1.0,17.0,51.0,3.0,3.0,Digital Wallet,3.0
2021-04-17,56-65,TX,Male,High,Organic,Electronics,Laptops,Apple Laptop,MacBook Pro M3,1881.0,1500.0,2.0,8.0,3763.0,21.0,742.0,Digital Wallet,5.0
2021-04-17,18-25,FL,Female,Middle,App,Home,Furniture,Ashley Furniture,Dining Table,349.0,200.0,1.0,1.0,349.0,15.0,134.0,Credit Card,5.0
2021-04-17,46-55,GA,Other,Middle,Others,Electronics,Laptops,Apple Laptop,MacBook Pro M3,1771.0,1500.0,1.0,6.0,1771.0,11.0,260.0,Credit Card,4.0
2021-04-17,18-25,PA,Other,Middle,App,Home,Beds,Tempur-Pedic,Contour Elite,1918.0,1700.0,2.0,3.0,3835.0,32.0,403.0,Debit Card,5.0
2021-04-17,36-45,FL,Male,Low,App,Home,Furniture,IKEA,Billy Bookcase,124.0,100.0,2.0,4.0,248.0,26.0,22.0,Credit Card,10.0
2021-04-17,26-35,TX,Other,Low,App,Home,Beds,Serta,Perfect Sleeper,982.0,750.0,2.0,1.0,1963.0,30.0,433.0,Credit Card,6.0
2021-04-17,46-55,MI,Male,Low,Affiliates,Clothing,T-Shirts,Nike,Sportswear,38.0,25.0,1.0,12.0,38.0,6.0,7.0,Debit Card,5.0
2021-04-17,36-45,CA,Female,Middle,Organic,Home,Beds,Serta,Perfect Sleeper,995.0,750.0,2.0,2.0,1990.0,28.0,462.0,Credit Card,5.0
2021-04-17,36-45,IL,Male,Low,App,Home,Furniture,Ashley Furniture,Bed Frame,247.0,100.0,2.0,2.0,495.0,27.0,267.0,Digital Wallet,6.0
2021-04-17,46-55,TX,Male,Low,Email,Electronics,Smartphones,Samsung,Galaxy A32,323.0,250.0,1.0,8.0,323.0,8.0,64.0,Digital Wallet,4.0
2021-04-17,36-45,CA,Other,Middle,Email,Clothing,Jeans,Wrangler,Regular Fit,59.0,35.0,3.0,17.0,176.0,6.0,65.0,Digital Wallet,5.0
2021-04-17,18-25,CA,Male,Middle,PPC,Electronics,Laptops,HP,Envy,1075.0,700.0,2.0,3.0,2149.0,19.0,731.0,Debit Card,9.0
2021-04-17,56-65,CA,Other,Low,Affiliates,Home,Furniture,Ashley Furniture,Sofa,479.0,300.0,1.0,1.0,479.0,12.0,167.0,BNPL,2.0
2021-04-17,46-55,MI,Other,Middle,Email,Electronics,Smartphones,Apple,iPhone 15,1057.0,800.0,2.0,10.0,2114.0,16.0,497.0,Digital Wallet,5.0
2021-04-17,46-55,TX,Female,Middle,Others,Beauty,Makeup,Maybelline,Fit Me Foundation,18.0,15.0,7.0,12.0,124.0,7.0,12.0,Credit Card,7.0
2021-04-17,46-55,TX,Male,Middle,Organic,Home,Furniture,Ashley Furniture,Sofa,446.0,300.0,2.0,1.0,892.0,25.0,267.0,Credit Card,5.0
2021-04-17,56-65,IL,Male,Middle,App,Home,Furniture,IKEA,Billy Bookcase,185.0,100.0,2.0,4.0,369.0,27.0,142.0,BNPL,4.0
2021-04-17,26-35,NY,Female,High,Affiliates,Home,Beds,Serta,iComfort,2466.0,1900.0,2.0,3.0,4932.0,33.0,1098.0,Debit Card,6.0
2021-04-17,66+,NY,Male,Middle,Email,Electronics,Smartphones,Apple,iPhone 14,889.0,700.0,2.0,12.0,1777.0,17.0,360.0,Credit Card,5.0
2021-04-17,18-25,IL,Male,Low,Others,Clothing,Jeans,Wrangler,Regular Fit,48.0,35.0,1.0,17.0,48.0,6.0,7.0,Credit Card,4.0
2021-04-17,46-55,CA,Other,Middle,App,Clothing,T-Shirts,Nike,Dry-FIT,22.0,20.0,3.0,17.0,65.0,5.0,0.0,Credit Card,4.0
2021-04-17,26-35,IL,Male,Low,Organic,Beauty,Makeup,Revlon,ColorStay Lipstick,17.0,15.0,6.0,8.0,103.0,8.0,5.0,Credit Card,6.0
2021-04-17,36-45,MI,Female,Middle,PPC,Clothing,T-Shirts,Nike,Dry-FIT,20.0,20.0,5.0,13.0,98.0,10.0,-13.0,Credit Card,6.0
2021-04-17,36-45,TX,Other,Middle,Email,Electronics,Laptops,Apple Laptop,MacBook Air M2,1164.0,1000.0,1.0,9.0,1164.0,12.0,153.0,Debit Card,4.0
2021-04-17,36-45,IL,Other,Low,Others,Clothing,Jeans,Wrangler,Regular Fit,48.0,35.0,3.0,23.0,145.0,10.0,31.0,Debit Card,5.0
2021-04-17,56-65,IL,Other,Middle,Others,Electronics,Smartphones,Samsung,Galaxy S21,717.0,500.0,2.0,5.0,1434.0,16.0,418.0,Debit Card,4.0
2021-04-17,18-25,TX,Female,Middle,Organic,Beauty,Makeup,Maybelline,Fit Me Foundation,18.0,15.0,2.0,6.0,36.0,4.0,2.0,Debit Card,5.0
2021-04-17,36-45,NY,Male,Middle,Others,Electronics,Smartphones,Apple,iPhone 15,1005.0,800.0,8.0,14.0,8039.0,46.0,1593.0,Credit Card,8.0
2021-04-17,36-45,CA,Other,Middle,Organic,Beauty,Skincare,Neutrogena,Oil-Free Acne Wash,19.0,15.0,1.0,14.0,19.0,3.0,1.0,Credit Card,3.0
2021-04-17,36-45,CA,Male,Low,Organic,Home,Beds,Serta,Perfect Sleeper,961.0,750.0,1.0,3.0,961.0,14.0,197.0,Credit Card,6.0
2021-04-17,26-35,FL,Female,Middle,App,Electronics,Laptops,Apple Laptop,MacBook Air M2,1247.0,1000.0,1.0,4.0,1247.0,13.0,235.0,Digital Wallet,3.0
2021-04-17,36-45,MI,Other,High,App,Electronics,Smartphones,Apple,iPhone SE,510.0,400.0,2.0,14.0,1020.0,16.0,204.0,BNPL,5.0
2021-04-17,66+,CA,Male,Middle,Organic,Electronics,Smartphones,Apple,iPhone 15,1002.0,800.0,2.0,14.0,2003.0,12.0,391.0,Credit Card,4.0
2021-04-17,66+,IL,Female,Middle,App,Electronics,Smartphones,Apple,iPhone SE,588.0,400.0,3.0,7.0,1765.0,22.0,544.0,Digital Wallet,5.0
2021-04-17,66+,OH,Female,Low,Organic,Electronics,Smartphones,Samsung,Galaxy S21,753.0,500.0,2.0,10.0,1506.0,14.0,491.0,Credit Card,6.0
2021-04-17,46-55,FL,Other,Low,Organic,Beauty,Skincare,Neutrogena,Hydro Boost Gel,20.0,20.0,2.0,16.0,41.0,5.0,-4.0,Credit Card,5.0
2021-04-17,46-55,IL,Male,Low,Others,Beauty,Skincare,Neutrogena,Hydro Boost Gel,23.0,20.0,1.0,19.0,23.0,5.0,-2.0,Digital Wallet,4.0
2021-04-17,36-45,IL,Male,High,Email,Clothing,Jeans,Wrangler,Regular Fit,55.0,35.0,1.0,18.0,55.0,6.0,13.0,Credit Card,5.0
2021-04-17,36-45,TX,Female,Middle,PPC,Electronics,Smartphones,Samsung,Galaxy A32,349.0,250.0,2.0,9.0,698.0,14.0,184.0,Debit Card,5.0
2021-04-17,18-25,FL,Female,Low,Email,Electronics,Laptops,HP,Pavilion,676.0,600.0,1.0,9.0,676.0,13.0,64.0,Credit Card,5.0
2021-04-17,26-35,NY,Female,Middle,Organic,Beauty,Skincare,Neutrogena,Rapid Wrinkle Repair,25.0,20.0,3.0,19.0,76.0,8.0,8.0,Debit Card,6.0
2021-04-17,26-35,GA,Other,High,Others,Home,Furniture,Ashley Furniture,Dining Table,341.0,200.0,2.0,2.0,682.0,24.0,258.0,Credit Card,2.0
2021-04-17,66+,NY,Male,Middle,Organic,Beauty,Makeup,Revlon,PhotoReady Concealer,17.0,12.0,7.0,10.0,116.0,10.0,23.0,Credit Card,8.0
2021-04-17,26-35,CA,Male,Middle,PPC,Clothing,Jeans,Wrangler,Authentics,42.0,30.0,6.0,19.0,254.0,9.0,65.0,Digital Wallet,5.0
2021-04-17,56-65,OH,Male,Middle,Email,Home,Beds,Tempur-Pedic,Cloud Supreme,2159.0,1800.0,1.0,4.0,2159.0,17.0,343.0,Digital Wallet,11.0
2021-04-17,56-65,GA,Female,High,PPC,Home,Furniture,Ashley Furniture,Sofa,447.0,300.0,1.0,3.0,447.0,13.0,134.0,Credit Card,4.0
2021-04-17,56-65,IL,Male,Middle,Affiliates,Clothing,T-Shirts,Nike,Sportswear,34.0,25.0,1.0,17.0,34.0,6.0,4.0,Credit Card,3.0
2021-04-17,26-35,FL,Female,High,Organic,Clothing,T-Shirts,Adidas,Essentials,42.0,35.0,1.0,16.0,42.0,5.0,2.0,Credit Card,3.0
2021-04-17,26-35,TX,Male,Middle,PPC,Beauty,Makeup,Maybelline,Fit Me Foundation,21.0,15.0,2.0,7.0,41.0,4.0,7.0,Debit Card,4.0
2021-04-17,36-45,PA,Other,Low,Organic,Clothing,Jeans,Levis,Slim Fit,56.0,50.0,10.0,22.0,556.0,20.0,36.0,Digital Wallet,9.0
2021-04-17,36-45,CA,Female,Low,Organic,Beauty,Makeup,Revlon,PhotoReady Concealer,15.0,12.0,1.0,11.0,15.0,3.0,-0.0,Debit Card,3.0
2021-04-17,46-55,IL,Other,High,App,Clothing,Jeans,Levis,501 Original,68.0,60.0,3.0,24.0,203.0,10.0,14.0,Credit Card,6.0
2021-04-17,46-55,TX,Female,Low,App,Electronics,Smartphones,Apple,iPhone 14,963.0,700.0,2.0,5.0,1927.0,14.0,513.0,Credit Card,3.0
2021-04-17,26-35,FL,Male,Low,Email,Home,Furniture,Ashley Furniture,Bed Frame,251.0,100.0,2.0,3.0,502.0,26.0,275.0,Digital Wallet,7.0
2021-04-17,66+,FL,Other,Low,Organic,Beauty,Skincare,Neutrogena,Hydro Boost Gel,20.0,20.0,1.0,13.0,20.0,4.0,-4.0,Credit Card,5.0
2021-04-17,56-65,NC,Female,Middle,Affiliates,Electronics,Smartphones,Apple,iPhone 15,1040.0,800.0,3.0,11.0,3121.0,24.0,697.0,Credit Card,11.0
2021-04-17,66+,PA,Female,Middle,Others,Home,Furniture,IKEA,Kallax Shelf,64.0,60.0,1.0,4.0,64.0,15.0,-12.0,Digital Wallet,6.0
2021-04-17,46-55,NY,Other,Middle,Others,Electronics,Laptops,Apple Laptop,MacBook Air M1,1049.0,900.0,1.0,6.0,1049.0,15.0,134.0,Credit Card,4.0
2021-04-17,56-65,TX,Female,Middle,Email,Electronics,Smartphones,Samsung,Galaxy Z Fold 5,1650.0,1500.0,3.0,12.0,4951.0,20.0,431.0,Debit Card,5.0
2021-04-17,36-45,MI,Female,High,PPC,Home,Furniture,IKEA,Kallax Shelf,84.0,60.0,1.0,1.0,84.0,16.0,7.0,Credit Card,7.0
2021-04-17,36-45,GA,Male,Middle,Organic,Home,Furniture,IKEA,Kallax Shelf,79.0,60.0,1.0,4.0,79.0,13.0,6.0,Credit Card,4.0
2021-04-17,26-35,GA,Other,Middle,Organic,Clothing,T-Shirts,Adidas,Essentials,41.0,35.0,9.0,16.0,370.0,13.0,43.0,Digital Wallet,8.0
2021-04-17,46-55,CA,Male,Low,Email,Clothing,T-Shirts,Nike,Dry-FIT,25.0,20.0,1.0,14.0,25.0,3.0,2.0,Digital Wallet,2.0
2021-04-17,36-45,PA,Male,Middle,Others,Clothing,Jeans,Levis,501 Original,75.0,60.0,1.0,18.0,75.0,6.0,9.0,Credit Card,3.0
2021-04-17,56-65,NY,Female,Middle,Organic,Home,Beds,Tempur-Pedic,Contour Elite,2045.0,1700.0,1.0,3.0,2045.0,19.0,325.0,Credit Card,6.0
2021-04-17,56-65,NY,Female,Middle,Affiliates,Electronics,Smartphones,Samsung,Galaxy A32,302.0,250.0,1.0,14.0,302.0,11.0,41.0,Credit Card,5.0
2021-04-17,18-25,NY,Other,Middle,Email,Electronics,Smartphones,Apple,iPhone SE,576.0,400.0,3.0,5.0,1728.0,23.0,506.0,Digital Wallet,3.0
2021-04-17,26-35,NY,Female,Low,Organic,Home,Furniture,IKEA,Kallax Shelf,71.0,60.0,1.0,4.0,71.0,17.0,-6.0,Digital Wallet,4.0
2021-04-17,26-35,TX,Male,High,App,Home,Furniture,IKEA,Billy Bookcase,145.0,100.0,2.0,4.0,289.0,25.0,64.0,Credit Card,5.0
2021-04-17,56-65,NY,Male,Middle,PPC,Clothing,Jeans,Wrangler,Regular Fit,51.0,35.0,2.0,23.0,102.0,9.0,23.0,Debit Card,6.0
2021-04-17,18-25,NC,Female,High,App,Electronics,Smartphones,Samsung,Galaxy S21,651.0,500.0,1.0,12.0,651.0,12.0,139.0,Digital Wallet,5.0
2021-04-17,36-45,IL,Female,Middle,Affiliates,Home,Furniture,IKEA,Billy Bookcase,139.0,100.0,2.0,1.0,278.0,27.0,51.0,Digital Wallet,6.0
2021-04-17,56-65,FL,Other,Low,Others,Beauty,Makeup,Maybelline,Lash Sensational Mascara,16.0,10.0,1.0,5.0,16.0,4.0,2.0,Digital Wallet,2.0
2021-04-17,46-55,CA,Other,Low,Organic,Home,Beds,Serta,iComfort,2296.0,1900.0,1.0,4.0,2296.0,14.0,382.0,Digital Wallet,2.0
2021-04-17,56-65,PA,Male,Low,Others,Electronics,Laptops,Dell,Inspiron,911.0,600.0,2.0,2.0,1823.0,22.0,601.0,Credit Card,5.0
2021-04-17,18-25,IL,Male,High,App,Electronics,Smartphones,Apple,iPhone SE,544.0,400.0,2.0,11.0,1089.0,16.0,273.0,Credit Card,5.0
2021-04-17,56-65,GA,Male,Middle,Others,Home,Furniture,Ashley Furniture,Bed Frame,236.0,100.0,1.0,4.0,236.0,13.0,123.0,Debit Card,4.0
2021-04-17,56-65,CA,Male,Middle,Others,Clothing,Jeans,Levis,Bootcut,103.0,100.0,3.0,22.0,309.0,6.0,3.0,Digital Wallet,4.0
2021-04-17,26-35,FL,Other,High,PPC,Electronics,Smartphones,Samsung,Galaxy S21,771.0,500.0,3.0,6.0,2313.0,21.0,792.0,Debit Card,4.0
2021-04-17,36-45,TX,Male,Middle,Others,Beauty,Makeup,Maybelline,Fit Me Foundation,18.0,15.0,7.0,7.0,125.0,7.0,13.0,Digital Wallet,5.0
2021-04-17,36-45,TX,Male,Middle,Organic,Electronics,Smartphones,Apple,iPhone 15,997.0,800.0,3.0,8.0,2991.0,20.0,571.0,Debit Card,16.0
2021-04-17,26-35,IL,Other,Low,App,Clothing,Jeans,Wrangler,Authentics,53.0,30.0,2.0,16.0,106.0,8.0,38.0,BNPL,4.0
2021-04-17,66+,TX,Male,Low,Affiliates,Electronics,Smartphones,Apple,iPhone 14,974.0,700.0,1.0,6.0,974.0,8.0,266.0,Credit Card,4.0
2021-04-17,26-35,FL,Female,High,App,Beauty,Makeup,Revlon,ColorStay Lipstick,18.0,15.0,5.0,7.0,89.0,6.0,7.0,Digital Wallet,4.0
2021-04-17,46-55,NY,Male,Middle,Organic,Electronics,Smartphones,Apple,iPhone 15,1029.0,800.0,1.0,11.0,1029.0,11.0,217.0,Debit Card,3.0
2021-04-17,36-45,CA,Female,Middle,App,Electronics,Smartphones,Apple,iPhone 15,1062.0,800.0,2.0,5.0,2123.0,12.0,511.0,Debit Card,3.0
2021-04-17,26-35,GA,Other,Middle,Email,Electronics,Laptops,HP,Pavilion,792.0,600.0,2.0,9.0,1584.0,20.0,364.0,Debit Card,7.0
2021-04-17,46-55,NC,Male,Middle,Organic,Home,Furniture,Ashley Furniture,Bed Frame,229.0,100.0,1.0,4.0,229.0,18.0,111.0,Credit Card,7.0
2021-04-17,56-65,FL,Male,Middle,Organic,Home,Beds,Serta,iComfort,2430.0,1900.0,1.0,3.0,2430.0,17.0,513.0,Credit Card,6.0
2021-04-17,18-25,FL,Other,High,Organic,Electronics,Smartphones,Apple,iPhone 15,1003.0,800.0,3.0,11.0,3009.0,21.0,589.0,BNPL,5.0
2021-04-17,36-45,TX,Female,Middle,Email,Beauty,Makeup,Maybelline,Lash Sensational Mascara,13.0,10.0,2.0,6.0,27.0,4.0,3.0,Debit Card,4.0
2021-04-17,56-65,CA,Male,Low,App,Electronics,Smartphones,Apple,iPhone SE,588.0,400.0,1.0,7.0,588.0,6.0,182.0,BNPL,3.0
2021-04-17,46-55,GA,Female,Middle,PPC,Electronics,Laptops,Apple Laptop,MacBook Air M2,1270.0,1000.0,1.0,5.0,1270.0,11.0,259.0,Debit Card,4.0
2021-04-17,36-45,CA,Female,Middle,App,Home,Furniture,Ashley Furniture,Sofa,470.0,300.0,17.0,1.0,7987.0,173.0,2714.0,Debit Card,13.0
2021-04-17,26-35,FL,Female,Middle,Others,Clothing,T-Shirts,Adidas,Performance,61.0,45.0,1.0,19.0,61.0,5.0,11.0,Digital Wallet,2.0
2021-04-17,56-65,TX,Female,Low,Email,Clothing,T-Shirts,Nike,Sportswear,31.0,25.0,1.0,19.0,31.0,4.0,3.0,Debit Card,4.0
2021-04-17,46-55,CA,Female,High,Organic,Home,Furniture,IKEA,Billy Bookcase,191.0,100.0,1.0,2.0,191.0,12.0,79.0,Digital Wallet,4.0
2021-04-17,36-45,NC,Male,Low,Affiliates,Beauty,Skincare,Neutrogena,Rapid Wrinkle Repair,25.0,20.0,1.0,14.0,25.0,7.0,-2.0,Credit Card,5.0
2021-04-17,18-25,NY,Other,Low,App,Electronics,Smartphones,Apple,iPhone 15,993.0,800.0,1.0,14.0,993.0,11.0,182.0,Digital Wallet,4.0
2021-04-17,56-65,OH,Female,Middle,Email,Home,Beds,Tempur-Pedic,Contour Elite,2009.0,1700.0,1.0,3.0,2009.0,17.0,292.0,BNPL,4.0
2021-04-17,46-55,FL,Male,High,Organic,Home,Beds,Tempur-Pedic,Cloud Supreme,2048.0,1800.0,2.0,3.0,4096.0,31.0,465.0,Digital Wallet,4.0
2021-04-17,66+,TX,Female,Middle,Organic,Beauty,Skincare,Neutrogena,Rapid Wrinkle Repair,25.0,20.0,2.0,14.0,50.0,4.0,6.0,Debit Card,4.0
2021-04-17,56-65,MI,Male,Middle,App,Clothing,T-Shirts,Nike,Dry-FIT,26.0,20.0,2.0,12.0,52.0,8.0,5.0,Digital Wallet,4.0
2021-04-17,18-25,IL,Male,Low,App,Beauty,Skincare,Neutrogena,Rapid Wrinkle Repair,24.0,20.0,5.0,11.0,121.0,8.0,13.0,Credit Card,6.0
2021-04-17,56-65,IL,Male,Middle,Affiliates,Electronics,Smartphones,Samsung,Galaxy Z Fold 5,1664.0,1500.0,1.0,11.0,1664.0,10.0,154.0,BNPL,5.0
2021-04-17,26-35,CA,Male,High,Organic,Electronics,Laptops,Dell,XPS,1470.0,1300.0,2.0,9.0,2940.0,19.0,321.0,Debit Card,3.0
2021-04-17,26-35,TX,Male,Low,App,Electronics,Laptops,Dell,Inspiron,878.0,600.0,2.0,5.0,1755.0,21.0,534.0,Credit Card,5.0
2021-04-17,36-45,NY,Other,High,Affiliates,Home,Beds,Tempur-Pedic,Contour Elite,2122.0,1700.0,9.0,1.0,19102.0,116.0,3686.0,Debit Card,18.0
2021-04-17,46-55,CA,Other,Low,Organic,Beauty,Makeup,Maybelline,Fit Me Foundation,18.0,15.0,7.0,14.0,129.0,5.0,19.0,Credit Card,4.0
2021-04-17,26-35,FL,Other,Middle,PPC,Clothing,Jeans,Levis,Bootcut,99.0,100.0,3.0,15.0,298.0,9.0,-11.0,BNPL,5.0
2021-04-17,18-25,FL,Female,Middle,Organic,Beauty,Makeup,Revlon,ColorStay Lipstick,18.0,15.0,6.0,14.0,105.0,7.0,8.0,Digital Wallet,6.0
2021-04-17,26-35,FL,Male,Low,App,Home,Beds,Tempur-Pedic,Cloud Supreme,2060.0,1800.0,2.0,3.0,4121.0,31.0,489.0,Credit Card,7.0
2021-04-17,36-45,GA,Male,Middle,Others,Home,Furniture,IKEA,Kallax Shelf,67.0,60.0,1.0,1.0,67.0,13.0,-6.0,Digital Wallet,5.0
2021-04-17,18-25,NY,Other,Middle,App,Home,Beds,Serta,iComfort,2371.0,1900.0,2.0,3.0,4741.0,33.0,908.0,Debit Card,6.0
2021-04-17,56-65,TX,Female,Middle,Organic,Home,Beds,Tempur-Pedic,Contour Elite,2066.0,1700.0,1.0,3.0,2066.0,16.0,350.0,Credit Card,5.0
2021-04-17,18-25,NC,Male,High,App,Home,Furniture,IKEA,Kallax Shelf,91.0,60.0,1.0,4.0,91.0,18.0,13.0,Credit Card,5.0
2021-04-17,46-55,CA,Other,Middle,Affiliates,Home,Beds,Serta,Perfect Sleeper,950.0,750.0,2.0,3.0,1900.0,28.0,372.0,Debit Card,6.0
2021-04-17,66+,IL,Other,Middle,App,Electronics,Smartphones,Samsung,Galaxy Z Fold 5,1743.0,1500.0,2.0,7.0,3486.0,16.0,470.0,Credit Card,5.0
2021-04-17,36-45,IL,Other,High,Organic,Clothing,T-Shirts,Nike,Sportswear,36.0,25.0,3.0,16.0,108.0,9.0,24.0,Digital Wallet,4.0
2021-04-17,46-55,PA,Female,Low,PPC,Electronics,Laptops,Apple Laptop,MacBook Air M2,1285.0,1000.0,2.0,5.0,2570.0,22.0,547.0,BNPL,6.0
2021-04-17,26-35,TX,Male,Low,App,Home,Furniture,IKEA,Billy Bookcase,112.0,100.0,2.0,2.0,225.0,25.0,-1.0,Debit Card,5.0
2021-04-17,26-35,GA,Male,High,Organic,Clothing,T-Shirts,Adidas,Performance,49.0,45.0,1.0,16.0,49.0,3.0,1.0,Debit Card,4.0
2021-04-17,36-45,FL,Other,Middle,Organic,Beauty,Makeup,Maybelline,Fit Me Foundation,21.0,15.0,3.0,10.0,63.0,6.0,13.0,Credit Card,5.0
2021-04-17,46-55,IL,Female,High,Organic,Home,Beds,Tempur-Pedic,Cloud Supreme,2123.0,1800.0,1.0,2.0,2123.0,18.0,305.0,Digital Wallet,4.0
2021-04-17,36-45,MI,Female,High,PPC,Home,Beds,Tempur-Pedic,Cloud Supreme,2113.0,1800.0,2.0,3.0,4227.0,32.0,594.0,Credit Card,6.0
2021-04-17,26-35,PA,Female,Middle,Organic,Beauty,Makeup,Revlon,ColorStay Lipstick,19.0,15.0,5.0,5.0,97.0,7.0,15.0,Credit Card,6.0
2021-04-17,18-25,CA,Female,Low,Others,Clothing,T-Shirts,Nike,Dry-FIT,24.0,20.0,2.0,11.0,49.0,3.0,5.0,Credit Card,4.0
2021-04-17,18-25,CA,Female,Low,Email,Electronics,Laptops,Apple Laptop,MacBook Pro M2,1447.0,1200.0,1.0,3.0,1447.0,10.0,237.0,Digital Wallet,3.0
2021-04-17,56-65,IL,Female,Low,PPC,Beauty,Makeup,Maybelline,Lash Sensational Mascara,14.0,10.0,6.0,7.0,87.0,8.0,19.0,Debit Card,5.0
2021-04-17,36-45,MI,Other,Middle,PPC,Electronics,Laptops,Dell,Inspiron,848.0,600.0,1.0,3.0,848.0,14.0,234.0,Credit Card,4.0
2021-04-17,56-65,PA,Other,High,Organic,Home,Beds,Tempur-Pedic,Contour Elite,2029.0,1700.0,2.0,3.0,4058.0,32.0,626.0,BNPL,5.0
2021-04-17,18-25,OH,Female,High,Email,Home,Beds,Tempur-Pedic,Contour Elite,2114.0,1700.0,2.0,3.0,4228.0,31.0,797.0,Digital Wallet,6.0
2021-04-17,18-25,CA,Male,Low,Affiliates,Home,Furniture,Ashley Furniture,Dining Table,298.0,200.0,2.0,1.0,595.0,23.0,172.0,BNPL,4.0
2021-04-17,46-55,NY,Other,Middle,Email,Electronics,Laptops,Apple Laptop,MacBook Air M2,1219.0,1000.0,2.0,8.0,2437.0,24.0,414.0,Credit Card,5.0
2021-04-17,26-35,TX,Male,Middle,Organic,Home,Furniture,Ashley Furniture,Dining Table,363.0,200.0,2.0,1.0,726.0,25.0,300.0,Credit Card,4.0
2021-04-17,26-35,TX,Female,Low,Email,Electronics,Smartphones,Apple,iPhone 14,972.0,700.0,3.0,6.0,2917.0,20.0,797.0,BNPL,4.0
2021-04-17,18-25,PA,Female,High,Others,Beauty,Makeup,Maybelline,Fit Me Foundation,16.0,15.0,6.0,11.0,98.0,7.0,1.0,Credit Card,6.0
2021-04-17,36-45,FL,Female,Low,Email,Clothing,Jeans,Levis,501 Original,74.0,60.0,2.0,22.0,147.0,7.0,20.0,Credit Card,4.0
2021-04-17,56-65,GA,Other,Low,Email,Electronics,Laptops,Dell,XPS,1698.0,1300.0,1.0,4.0,1698.0,11.0,387.0,Debit Card,4.0
2021-04-17,18-25,OH,Male,Low,Others,Home,Furniture,IKEA,Kallax Shelf,68.0,60.0,2.0,4.0,137.0,26.0,-9.0,Credit Card,4.0
2021-04-17,26-35,GA,Female,Middle,Others,Beauty,Skincare,Neutrogena,Hydro Boost Gel,21.0,20.0,1.0,19.0,21.0,3.0,-2.0,Credit Card,3.0
2021-04-17,56-65,GA,Male,Middle,Organic,Electronics,Smartphones,Apple,iPhone 15,1010.0,800.0,1.0,13.0,1010.0,7.0,202.0,Digital Wallet,8.0
2021-04-17,46-55,OH,Female,Middle,Others,Home,Furniture,IKEA,Kallax Shelf,70.0,60.0,2.0,2.0,140.0,26.0,-6.0,Digital Wallet,7.0
2021-04-17,26-35,NC,Other,Middle,Email,Electronics,Smartphones,Samsung,Galaxy S21,727.0,500.0,1.0,11.0,727.0,12.0,214.0,Digital Wallet,5.0
2021-04-17,56-65,TX,Female,Middle,PPC,Clothing,Jeans,Levis,Bootcut,113.0,100.0,2.0,18.0,226.0,6.0,20.0,Debit Card,3.0
2021-04-17,36-45,TX,Female,Middle,Email,Home,Beds,Tempur-Pedic,Contour Elite,2082.0,1700.0,1.0,4.0,2082.0,16.0,366.0,Credit Card,5.0
2021-04-17,36-45,IL,Female,Low,Organic,Beauty,Makeup,Revlon,ColorStay Lipstick,22.0,15.0,3.0,14.0,66.0,7.0,15.0,Credit Card,4.0
2021-04-17,18-25,NY,Male,Low,PPC,Beauty,Skincare,Neutrogena,Hydro Boost Gel,23.0,20.0,3.0,10.0,69.0,8.0,1.0,BNPL,7.0
2021-04-17,66+,CA,Male,Low,App,Beauty,Makeup,Maybelline,Lash Sensational Mascara,13.0,10.0,3.0,13.0,38.0,3.0,5.0,BNPL,4.0
2021-04-17,26-35,FL,Male,Low,PPC,Beauty,Makeup,Maybelline,Lash Sensational Mascara,14.0,10.0,2.0,5.0,29.0,5.0,4.0,Credit Card,3.0
2021-04-17,36-45,NY,Male,Middle,PPC,Electronics,Smartphones,Apple,iPhone 15,1066.0,800.0,1.0,8.0,1066.0,11.0,255.0,Debit Card,4.0
2021-04-17,36-45,TX,Male,Middle,PPC,Electronics,Smartphones,Apple,iPhone SE,605.0,400.0,3.0,8.0,1815.0,20.0,596.0,Debit Card,5.0
2021-04-17,46-55,CA,Other,Low,Organic,Beauty,Makeup,Maybelline,Fit Me Foundation,15.0,15.0,6.0,12.0,92.0,4.0,-1.0,Credit Card,8.0
2021-04-17,66+,IL,Male,Middle,Email,Electronics,Smartphones,Samsung,Galaxy Z Fold 5,1781.0,1500.0,1.0,9.0,1781.0,10.0,271.0,Digital Wallet,5.0
2021-04-17,18-25,OH,Female,Low,Organic,Electronics,Laptops,Dell,XPS,1660.0,1300.0,1.0,2.0,1660.0,12.0,348.0,Credit Card,5.0
2021-04-17,18-25,TX,Male,Low,Organic,Beauty,Skincare,Neutrogena,Hydro Boost Gel,26.0,20.0,3.0,18.0,79.0,5.0,14.0,Debit Card,5.0
2021-04-17,56-65,GA,Male,Middle,App,Beauty,Makeup,Revlon,PhotoReady Concealer,18.0,12.0,2.0,7.0,37.0,3.0,10.0,Credit Card,4.0
2021-04-17,26-35,CA,Male,Middle,PPC,Home,Furniture,IKEA,Billy Bookcase,206.0,100.0,1.0,3.0,206.0,12.0,94.0,Digital Wallet,4.0
2021-04-17,46-55,FL,Other,Middle,App,Electronics,Laptops,HP,Pavilion,746.0,600.0,2.0,2.0,1492.0,22.0,270.0,BNPL,4.0
2021-04-17,36-45,TX,Male,Middle,App,Home,Furniture,Ashley Furniture,Dining Table,353.0,200.0,1.0,3.0,353.0,14.0,139.0,Debit Card,4.0
2021-04-17,46-55,FL,Female,High,Organic,Electronics,Smartphones,Apple,iPhone 15,1056.0,800.0,3.0,9.0,3169.0,21.0,748.0,Credit Card,4.0
2021-04-17,46-55,NY,Other,Low,Organic,Beauty,Skincare,Neutrogena,Rapid Wrinkle Repair,24.0,20.0,2.0,14.0,47.0,7.0,0.0,Credit Card,4.0
2021-04-17,36-45,NC,Female,Middle,PPC,Clothing,Jeans,Wrangler,Authentics,38.0,30.0,3.0,19.0,115.0,12.0,13.0,Digital Wallet,5.0
2021-04-17,26-35,CA,Other,Middle,Organic,Home,Furniture,IKEA,Billy Bookcase,144.0,100.0,2.0,4.0,288.0,23.0,64.0,Credit Card,4.0
2021-04-17,66+,CA,Other,Low,Organic,Home,Furniture,Ashley Furniture,Sofa,440.0,300.0,1.0,4.0,440.0,12.0,128.0,Digital Wallet,4.0
2021-04-17,46-55,NY,Male,Middle,Organic,Electronics,Smartphones,Apple,iPhone 15,1053.0,800.0,3.0,9.0,3159.0,23.0,736.0,Digital Wallet,5.0
2021-04-17,26-35,CA,Female,Middle,App,Clothing,T-Shirts,Nike,Pro,54.0,30.0,3.0,10.0,163.0,5.0,69.0,Digital Wallet,4.0
2021-04-17,26-35,OH,Female,High,PPC,Home,Furniture,IKEA,Kallax Shelf,92.0,60.0,2.0,4.0,183.0,26.0,37.0,Debit Card,5.0
2021-04-17,18-25,NC,Female,Middle,PPC,Electronics,Laptops,Apple Laptop,MacBook Pro M2,1403.0,1200.0,2.0,6.0,2807.0,25.0,382.0,Digital Wallet,6.0
2021-04-17,56-65,PA,Male,Middle,App,Electronics,Laptops,HP,Pavilion,868.0,600.0,2.0,4.0,1736.0,22.0,514.0,Debit Card,2.0
2021-04-17,36-45,TX,Female,Middle,Affiliates,Beauty,Skincare,Neutrogena,Hydro Boost Gel,21.0,20.0,1.0,15.0,21.0,3.0,-2.0,Debit Card,3.0
2021-04-17,18-25,IL,Male,Middle,PPC,Electronics,Smartphones,Apple,iPhone 15,1075.0,800.0,2.0,8.0,2150.0,16.0,534.0,Digital Wallet,4.0
2021-04-17,26-35,IL,Female,Middle,Affiliates,Beauty,Skincare,Neutrogena,Hydro Boost Gel,20.0,20.0,2.0,19.0,39.0,6.0,-7.0,Digital Wallet,3.0
2021-04-17,66+,FL,Male,Middle,App,Beauty,Makeup,Revlon,ColorStay Lipstick,17.0,15.0,1.0,11.0,17.0,4.0,-2.0,Digital Wallet,2.0
2021-04-17,66+,NC,Female,Middle,Others,Home,Furniture,IKEA,Billy Bookcase,155.0,100.0,2.0,3.0,309.0,29.0,80.0,Digital Wallet,6.0
2021-04-17,26-35,CA,Other,High,Organic,Home,Furniture,Ashley Furniture,Dining Table,372.0,200.0,2.0,4.0,744.0,23.0,320.0,Debit Card,4.0
2021-04-17,36-45,CA,Female,Middle,App,Beauty,Makeup,Maybelline,Fit Me Foundation,18.0,15.0,3.0,11.0,54.0,3.0,6.0,Credit Card,5.0
2021-04-17,18-25,NY,Male,Middle,Affiliates,Beauty,Makeup,Revlon,PhotoReady Concealer,18.0,12.0,7.0,11.0,125.0,10.0,32.0,Debit Card,7.0
2021-04-17,18-25,GA,Male,Low,App,Home,Furniture,IKEA,Kallax Shelf,75.0,60.0,2.0,3.0,149.0,24.0,5.0,Digital Wallet,6.0
2021-04-17,46-55,TX,Female,Middle,PPC,Beauty,Makeup,Maybelline,Fit Me Foundation,15.0,15.0,7.0,14.0,103.0,7.0,-9.0,Credit Card,6.0
2021-04-17,36-45,TX,Male,Low,App,Electronics,Smartphones,Apple,iPhone 14,945.0,700.0,3.0,7.0,2835.0,20.0,716.0,Digital Wallet,6.0
2021-04-17,36-45,TX,Male,Low,PPC,Clothing,Jeans,Levis,Bootcut,108.0,100.0,1.0,15.0,108.0,4.0,3.0,Digital Wallet,4.0
2021-04-17,26-35,TX,Female,Low,Organic,Electronics,Smartphones,Apple,iPhone SE,639.0,400.0,1.0,5.0,639.0,8.0,231.0,Debit Card,4.0
2021-04-17,36-45,TX,Female,Middle,App,Clothing,Jeans,Wrangler,Authentics,42.0,30.0,1.0,20.0,42.0,4.0,8.0,Credit Card,4.0
2021-04-17,26-35,FL,Female,Low,Others,Electronics,Smartphones,Apple,iPhone 15,997.0,800.0,3.0,14.0,2990.0,21.0,569.0,BNPL,5.0
2021-04-17,56-65,TX,Female,Middle,Affiliates,Electronics,Laptops,Apple Laptop,MacBook Air M1,1078.0,900.0,2.0,3.0,2157.0,21.0,336.0,Credit Card,6.0
2021-04-17,56-65,PA,Male,Middle,Email,Electronics,Laptops,Apple Laptop,MacBook Pro M2,1486.0,1200.0,1.0,2.0,1486.0,13.0,273.0,Credit Card,5.0
2021-04-17,56-65,IL,Female,Low,App,Electronics,Laptops,Apple Laptop,MacBook Pro M3,1754.0,1500.0,2.0,5.0,3508.0,23.0,485.0,Digital Wallet,5.0
2021-04-17,56-65,NC,Male,Low,App,Electronics,Smartphones,Samsung,Galaxy A32,338.0,250.0,1.0,7.0,338.0,12.0,76.0,Digital Wallet,5.0
2021-04-17,66+,FL,Male,Low,App,Electronics,Smartphones,Apple,iPhone 14,948.0,700.0,1.0,8.0,948.0,9.0,238.0,Credit Card,4.0
2021-04-17,56-65,GA,Other,Middle,Organic,Beauty,Makeup,Revlon,PhotoReady Concealer,15.0,12.0,5.0,6.0,77.0,4.0,12.0,Credit Card,5.0
2021-04-17,46-55,IL,Other,High,Others,Beauty,Makeup,Revlon,ColorStay Lipstick,20.0,15.0,3.0,13.0,59.0,7.0,8.0,Credit Card,5.0
2021-04-17,46-55,IL,Other,Middle,Affiliates,Home,Furniture,IKEA,Kallax Shelf,63.0,60.0,2.0,4.0,125.0,27.0,-22.0,Debit Card,7.0
2021-04-17,26-35,PA,Female,Middle,PPC,Electronics,Laptops,Dell,Inspiron,802.0,600.0,2.0,8.0,1605.0,22.0,383.0,Credit Card,3.0
2021-04-17,66+,TX,Female,Middle,Affiliates,Beauty,Makeup,Revlon,PhotoReady Concealer,17.0,12.0,3.0,11.0,51.0,5.0,11.0,Credit Card,4.0
2021-04-17,66+,TX,Male,Low,Others,Beauty,Skincare,Neutrogena,Hydro Boost Gel,25.0,20.0,2.0,18.0,50.0,4.0,6.0,Credit Card,4.0
2021-04-17,18-25,NY,Female,Middle,Others,Home,Beds,Serta,Perfect Sleeper,956.0,750.0,2.0,4.0,1913.0,33.0,379.0,Digital Wallet,5.0
2021-04-17,56-65,NY,Male,Low,Affiliates,Home,Furniture,IKEA,Billy Bookcase,159.0,100.0,2.0,4.0,318.0,28.0,90.0,Digital Wallet,6.0
2021-04-17,26-35,NY,Other,Low,Others,Electronics,Smartphones,Apple,iPhone 14,908.0,700.0,1.0,12.0,908.0,11.0,197.0,Digital Wallet,2.0
2021-04-17,36-45,PA,Other,Low,App,Home,Beds,Tempur-Pedic,Contour Elite,2030.0,1700.0,2.0,3.0,4060.0,32.0,629.0,Credit Card,6.0
2021-04-17,36-45,GA,Female,Middle,Organic,Clothing,Jeans,Levis,Slim Fit,68.0,50.0,2.0,15.0,137.0,5.0,32.0,Debit Card,4.0
2021-04-17,56-65,PA,Male,Low,Email,Home,Furniture,IKEA,Billy Bookcase,137.0,100.0,2.0,3.0,274.0,27.0,47.0,Credit Card,6.0
2021-04-17,26-35,NY,Female,Middle,Others,Electronics,Laptops,Apple Laptop,MacBook Pro M3,1779.0,1500.0,1.0,6.0,1779.0,15.0,265.0,Debit Card,3.0
2021-04-17,56-65,OH,Male,Middle,PPC,Electronics,Smartphones,Apple,iPhone 14,993.0,700.0,2.0,10.0,1986.0,14.0,571.0,Digital Wallet,4.0
2021-04-17,36-45,CA,Other,Middle,Organic,Electronics,Smartphones,Apple,iPhone 15,1060.0,800.0,1.0,8.0,1060.0,6.0,254.0,Debit Card,2.0
2021-04-17,36-45,FL,Other,Low,PPC,Beauty,Makeup,Maybelline,Lash Sensational Mascara,15.0,10.0,5.0,12.0,75.0,6.0,19.0,Credit Card,7.0
2021-04-17,26-35,NY,Female,Middle,App,Clothing,Jeans,Wrangler,Authentics,48.0,30.0,1.0,22.0,48.0,7.0,11.0,Digital Wallet,4.0
2021-04-17,36-45,NC,Female,Middle,Organic,Home,Furniture,IKEA,Billy Bookcase,126.0,100.0,2.0,1.0,251.0,29.0,22.0,Digital Wallet,8.0
2021-04-17,46-55,PA,Other,Middle,Others,Beauty,Makeup,Maybelline,Fit Me Foundation,14.0,15.0,7.0,13.0,98.0,8.0,-15.0,Credit Card,7.0
2021-04-17,66+,MI,Female,High,Others,Clothing,Jeans,Wrangler,Authentics,44.0,30.0,1.0,19.0,44.0,7.0,7.0,Credit Card,4.0
2021-04-17,46-55,TX,Female,Middle,Affiliates,Home,Furniture,IKEA,Billy Bookcase,163.0,100.0,2.0,3.0,327.0,25.0,101.0,Credit Card,8.0
2021-04-17,18-25,TX,Male,Middle,Affiliates,Electronics,Smartphones,Samsung,Galaxy S21,696.0,500.0,3.0,5.0,2087.0,20.0,568.0,Debit Card,6.0
2021-04-17,26-35,CA,Female,High,Others,Electronics,Laptops,Apple Laptop,MacBook Pro M2,1432.0,1200.0,2.0,4.0,2865.0,19.0,446.0,BNPL,3.0
2021-04-17,36-45,TX,Female,Low,App,Home,Beds,Serta,iComfort,2499.0,1900.0,2.0,2.0,4999.0,30.0,1169.0,Digital Wallet,6.0
2021-04-17,56-65,IL,Other,High,Organic,Home,Beds,Tempur-Pedic,Contour Elite,2001.0,1700.0,2.0,4.0,4002.0,32.0,569.0,Debit Card,5.0
2021-04-17,26-35,OH,Male,Middle,Organic,Electronics,Smartphones,Apple,iPhone SE,541.0,400.0,1.0,12.0,541.0,9.0,132.0,Credit Card,4.0
2021-04-17,56-65,FL,Male,Middle,App,Electronics,Smartphones,Apple,iPhone 14,1000.0,700.0,2.0,5.0,2000.0,15.0,585.0,BNPL,4.0
2021-04-17,56-65,FL,Male,Middle,Others,Electronics,Smartphones,Samsung,Galaxy Z Fold 5,1691.0,1500.0,1.0,13.0,1691.0,9.0,181.0,BNPL,5.0
2021-04-17,26-35,FL,Female,High,Organic,Home,Beds,Serta,iComfort,2324.0,1900.0,1.0,4.0,2324.0,17.0,407.0,Digital Wallet,5.0
2021-04-17,36-45,TX,Male,High,PPC,Home,Furniture,Ashley Furniture,Dining Table,365.0,200.0,1.0,2.0,365.0,14.0,151.0,Debit Card,5.0
2021-04-17,46-55,TX,Female,Middle,Email,Electronics,Laptops,Apple Laptop,MacBook Pro M2,1469.0,1200.0,15.0,3.0,22041.0,122.0,3919.0,Credit Card,10.0
2021-04-17,26-35,MI,Other,Low,Organic,Clothing,T-Shirts,Nike,Dry-FIT,29.0,20.0,5.0,12.0,147.0,10.0,36.0,BNPL,6.0
2021-04-17,18-25,MI,Male,High,Organic,Home,Beds,Serta,Perfect Sleeper,978.0,750.0,1.0,1.0,978.0,19.0,209.0,Credit Card,6.0
2021-04-17,56-65,FL,Female,High,Affiliates,Electronics,Laptops,HP,Envy,1061.0,700.0,3.0,6.0,3182.0,31.0,1050.0,Digital Wallet,6.0
2021-04-17,36-45,PA,Other,Low,Email,Clothing,Jeans,Wrangler,Authentics,34.0,30.0,1.0,23.0,34.0,6.0,-2.0,Digital Wallet,5.0
2021-04-17,46-55,FL,Female,High,Affiliates,Electronics,Smartphones,Samsung,Galaxy Z Fold 5,1730.0,1500.0,3.0,12.0,5191.0,21.0,670.0,Digital Wallet,4.0
2021-04-17,18-25,IL,Male,Middle,Organic,Electronics,Smartphones,Apple,iPhone 15,1010.0,800.0,3.0,12.0,3030.0,22.0,608.0,Debit Card,13.0
2021-04-17,46-55,CA,Female,Low,Affiliates,Beauty,Makeup,Revlon,PhotoReady Concealer,16.0,12.0,7.0,8.0,112.0,5.0,23.0,Credit Card,6.0
2021-04-17,26-35,GA,Male,Middle,PPC,Home,Furniture,Ashley Furniture,Bed Frame,245.0,100.0,2.0,1.0,490.0,24.0,265.0,Digital Wallet,7.0
2021-04-17,26-35,OH,Male,Low,Organic,Beauty,Skincare,Neutrogena,Oil-Free Acne Wash,17.0,15.0,5.0,13.0,85.0,6.0,4.0,Debit Card,5.0
2021-04-17,26-35,FL,Female,Low,Affiliates,Beauty,Makeup,Maybelline,Fit Me Foundation,22.0,15.0,1.0,8.0,22.0,4.0,2.0,Debit Card,3.0
2021-04-17,18-25,FL,Male,High,App,Home,Furniture,Ashley Furniture,Sofa,535.0,300.0,2.0,1.0,1070.0,26.0,444.0,Debit Card,7.0
2021-04-17,36-45,FL,Other,Middle,Organic,Electronics,Smartphones,Apple,iPhone 14,924.0,700.0,2.0,10.0,1847.0,15.0,432.0,Credit Card,4.0
2021-04-17,56-65,GA,Other,High,PPC,Electronics,Smartphones,Apple,iPhone SE,580.0,400.0,2.0,9.0,1161.0,13.0,348.0,Credit Card,4.0
2021-04-17,26-35,TX,Female,Middle,Organic,Electronics,Smartphones,Apple,iPhone 15,1110.0,800.0,1.0,7.0,1110.0,8.0,301.0,Digital Wallet,3.0
2021-04-17,46-55,FL,Other,Middle,Affiliates,Electronics,Smartphones,Apple,iPhone 14,907.0,700.0,2.0,10.0,1815.0,15.0,400.0,Debit Card,7.0
2021-04-17,26-35,TX,Female,Middle,App,Electronics,Smartphones,Apple,iPhone 15,1022.0,800.0,1.0,11.0,1022.0,8.0,214.0,BNPL,3.0
2021-04-17,18-25,PA,Female,Low,PPC,Home,Furniture,IKEA,Kallax Shelf,75.0,60.0,2.0,3.0,150.0,27.0,3.0,Digital Wallet,4.0
2021-04-17,36-45,IL,Female,Low,Organic,Clothing,T-Shirts,Nike,Dry-FIT,24.0,20.0,1.0,18.0,24.0,6.0,-2.0,Debit Card,5.0
2021-04-17,18-25,CA,Male,Middle,App,Home,Beds,Tempur-Pedic,Cloud Supreme,2079.0,1800.0,1.0,1.0,2079.0,14.0,264.0,Credit Card,4.0
2021-04-17,46-55,TX,Male,Low,Others,Beauty,Makeup,Maybelline,Fit Me Foundation,16.0,15.0,2.0,10.0,32.0,4.0,-2.0,Digital Wallet,6.0
2021-04-17,36-45,MI,Male,High,PPC,Home,Furniture,IKEA,Billy Bookcase,155.0,100.0,1.0,1.0,155.0,16.0,39.0,Credit Card,5.0
2021-04-17,56-65,MI,Male,Low,App,Clothing,Jeans,Wrangler,Authentics,41.0,30.0,2.0,20.0,83.0,8.0,14.0,Credit Card,5.0
2021-04-17,46-55,NY,Female,Middle,Organic,Home,Furniture,IKEA,Kallax Shelf,75.0,60.0,2.0,3.0,151.0,28.0,2.0,Digital Wallet,7.0
2021-04-17,18-25,FL,Male,Low,Affiliates,Electronics,Smartphones,Samsung,Galaxy S21,766.0,500.0,2.0,9.0,1531.0,15.0,516.0,Digital Wallet,4.0
2021-04-17,56-65,FL,Male,Middle,Organic,Electronics,Smartphones,Samsung,Galaxy A32,335.0,250.0,3.0,6.0,1006.0,21.0,235.0,Credit Card,5.0
2021-04-17,56-65,IL,Male,Middle,Affiliates,Beauty,Skincare,Neutrogena,Hydro Boost Gel,17.0,20.0,5.0,16.0,84.0,8.0,-23.0,Digital Wallet,5.0
2021-04-17,66+,NY,Other,High,Email,Electronics,Smartphones,Apple,iPhone 14,928.0,700.0,3.0,8.0,2785.0,23.0,662.0,Debit Card,4.0
2021-04-17,56-65,CA,Female,High,Organic,Home,Furniture,IKEA,Kallax Shelf,75.0,60.0,2.0,1.0,150.0,23.0,7.0,Credit Card,5.0
2021-04-17,46-55,CA,Other,High,Others,Electronics,Laptops,Dell,XPS,1652.0,1300.0,1.0,2.0,1652.0,10.0,342.0,Digital Wallet,3.0
2021-04-17,26-35,FL,Female,Middle,Others,Electronics,Smartphones,Samsung,Galaxy S21,755.0,500.0,3.0,5.0,2266.0,21.0,746.0,Credit Card,5.0
2021-04-17,26-35,NY,Female,Low,Organic,Electronics,Laptops,HP,Pavilion,763.0,600.0,1.0,4.0,763.0,15.0,149.0,BNPL,7.0
2021-04-17,56-65,NY,Female,Low,Organic,Home,Beds,Serta,iComfort,2463.0,1900.0,2.0,2.0,4925.0,33.0,1092.0,Digital Wallet,6.0
2021-04-17,36-45,NC,Male,High,Others,Home,Furniture,IKEA,Billy Bookcase,144.0,100.0,1.0,3.0,144.0,18.0,26.0,Digital Wallet,4.0
2021-04-17,18-25,CA,Female,Low,Organic,Home,Beds,Tempur-Pedic,Cloud Supreme,2173.0,1800.0,1.0,4.0,2173.0,14.0,359.0,Digital Wallet,3.0
2021-04-17,66+,TX,Male,High,Organic,Electronics,Smartphones,Samsung,Galaxy Z Fold 5,1577.0,1500.0,3.0,14.0,4730.0,20.0,210.0,Credit Card,5.0
2021-04-17,26-35,NC,Other,Low,Organic,Electronics,Laptops,Apple Laptop,MacBook Pro M3,1864.0,1500.0,3.0,9.0,5591.0,34.0,1057.0,Debit Card,6.0
2021-04-17,46-55,TX,Other,Middle,Others,Home,Beds,Tempur-Pedic,Cloud Supreme,2182.0,1800.0,2.0,4.0,4363.0,30.0,733.0,Credit Card,6.0
2021-04-17,26-35,NY,Female,Middle,Affiliates,Home,Furniture,IKEA,Billy Bookcase,140.0,100.0,2.0,1.0,281.0,28.0,52.0,Credit Card,8.0
2021-04-17,66+,NY,Other,Middle,App,Electronics,Laptops,Apple Laptop,MacBook Air M2,1289.0,1000.0,2.0,6.0,2578.0,24.0,554.0,Debit Card,6.0
2021-04-17,36-45,NY,Male,Middle,Organic,Electronics,Smartphones,Apple,iPhone 15,1057.0,800.0,2.0,7.0,2114.0,17.0,497.0,BNPL,5.0
2021-04-17,46-55,NY,Male,High,Affiliates,Electronics,Smartphones,Apple,iPhone SE,535.0,400.0,1.0,14.0,535.0,11.0,124.0,Digital Wallet,5.0
2021-04-17,46-55,FL,Female,Middle,Organic,Beauty,Makeup,Maybelline,Fit Me Foundation,17.0,15.0,6.0,9.0,103.0,7.0,6.0,Digital Wallet,5.0
2021-04-17,36-45,GA,Male,High,Organic,Clothing,Jeans,Wrangler,Regular Fit,52.0,35.0,1.0,17.0,52.0,3.0,14.0,Digital Wallet,5.0
2021-04-17,46-55,OH,Female,Middle,Others,Home,Beds,Tempur-Pedic,Cloud Supreme,2114.0,1800.0,1.0,3.0,2114.0,17.0,297.0,Credit Card,4.0
2021-04-17,46-55,NC,Male,Middle,Organic,Beauty,Makeup,Maybelline,Lash Sensational Mascara,13.0,10.0,7.0,14.0,92.0,11.0,11.0,Credit Card,7.0
2021-04-17,66+,FL,Male,Middle,Organic,Clothing,Jeans,Levis,501 Original,82.0,60.0,2.0,15.0,164.0,7.0,37.0,Debit Card,5.0
2021-04-17,26-35,CA,Male,Low,Affiliates,Electronics,Smartphones,Samsung,Galaxy A32,319.0,250.0,2.0,9.0,639.0,12.0,127.0,Debit Card,3.0
2021-04-17,18-25,CA,Male,High,Others,Home,Beds,Serta,Perfect Sleeper,927.0,750.0,1.0,4.0,927.0,14.0,163.0,BNPL,3.0
2021-04-17,18-25,NY,Male,Middle,Email,Electronics,Laptops,Apple Laptop,MacBook Air M1,1159.0,900.0,1.0,2.0,1159.0,15.0,244.0,Digital Wallet,4.0
2021-04-17,36-45,PA,Other,Middle,Organic,Clothing,Jeans,Levis,Slim Fit,59.0,50.0,2.0,18.0,118.0,7.0,10.0,Credit Card,4.0
2021-04-17,18-25,NY,Female,High,Affiliates,Beauty,Makeup,Maybelline,Lash Sensational Mascara,14.0,10.0,7.0,8.0,98.0,10.0,18.0,Debit Card,7.0
2021-04-17,26-35,MI,Female,Low,Organic,Clothing,Jeans,Wrangler,Regular Fit,49.0,35.0,3.0,16.0,147.0,10.0,32.0,Debit Card,4.0
2021-04-17,56-65,CA,Other,Low,Affiliates,Electronics,Smartphones,Apple,iPhone 15,1099.0,800.0,1.0,5.0,1099.0,6.0,293.0,Digital Wallet,3.0
2021-04-17,26-35,MI,Female,Middle,Organic,Beauty,Makeup,Maybelline,Fit Me Foundation,18.0,15.0,6.0,13.0,108.0,8.0,10.0,Credit Card,7.0
2021-04-17,18-25,FL,Male,Middle,Others,Electronics,Smartphones,Apple,iPhone 15,1059.0,800.0,3.0,7.0,3178.0,21.0,757.0,Credit Card,4.0
2021-04-17,66+,NY,Female,Low,App,Home,Beds,Serta,iComfort,2425.0,1900.0,1.0,4.0,2425.0,19.0,505.0,Digital Wallet,6.0
2021-04-17,46-55,MI,Female,Middle,Email,Electronics,Smartphones,Apple,iPhone 15,1017.0,800.0,3.0,10.0,3051.0,22.0,629.0,Digital Wallet,5.0
2021-04-17,46-55,CA,Female,Low,Email,Home,Furniture,IKEA,Billy Bookcase,151.0,100.0,1.0,2.0,151.0,12.0,39.0,Credit Card,4.0
2021-04-17,66+,CA,Other,Middle,App,Clothing,Jeans,Wrangler,Authentics,42.0,30.0,2.0,17.0,83.0,4.0,19.0,Digital Wallet,3.0
2021-04-17,36-45,FL,Other,Middle,Affiliates,Electronics,Smartphones,Samsung,Galaxy A32,317.0,250.0,1.0,5.0,317.0,9.0,58.0,Debit Card,4.0
2021-04-17,46-55,PA,Other,Middle,Organic,Home,Beds,Serta,iComfort,2462.0,1900.0,2.0,2.0,4924.0,32.0,1093.0,Digital Wallet,6.0
2021-04-17,26-35,CA,Female,High,App,Home,Beds,Tempur-Pedic,Cloud Supreme,2180.0,1800.0,1.0,3.0,2180.0,14.0,366.0,Debit Card,4.0
2021-04-17,26-35,CA,Male,Low,App,Beauty,Makeup,Revlon,PhotoReady Concealer,18.0,12.0,7.0,6.0,127.0,5.0,38.0,Credit Card,5.0
2021-04-17,66+,PA,Female,Low,Organic,Beauty,Makeup,Maybelline,Lash Sensational Mascara,14.0,10.0,7.0,9.0,99.0,8.0,21.0,Credit Card,6.0
2021-04-17,18-25,MI,Female,Middle,Affiliates,Beauty,Makeup,Maybelline,Lash Sensational Mascara,12.0,10.0,5.0,7.0,62.0,8.0,4.0,Credit Card,5.0
2021-04-17,56-65,IL,Male,Low,Organic,Home,Beds,Tempur-Pedic,Cloud Supreme,2064.0,1800.0,1.0,4.0,2064.0,18.0,246.0,BNPL,5.0
2021-04-17,36-45,TX,Female,Low,Others,Clothing,Jeans,Levis,501 Original,69.0,60.0,1.0,17.0,69.0,4.0,5.0,Debit Card,4.0
2021-04-17,46-55,CA,Other,Middle,App,Home,Beds,Tempur-Pedic,Cloud Supreme,2133.0,1800.0,1.0,2.0,2133.0,14.0,319.0,Debit Card,3.0
2021-04-17,18-25,TX,Female,Low,Organic,Home,Beds,Serta,iComfort,2439.0,1900.0,2.0,1.0,4879.0,30.0,1049.0,Debit Card,5.0
2021-04-17,36-45,PA,Female,Middle,Affiliates,Clothing,T-Shirts,Nike,Sportswear,33.0,25.0,2.0,19.0,65.0,7.0,8.0,Debit Card,5.0
2021-04-17,46-55,IL,Male,Middle,Organic,Home,Furniture,Ashley Furniture,Dining Table,324.0,200.0,2.0,2.0,647.0,27.0,220.0,Debit Card,5.0
2021-04-17,56-65,PA,Male,Middle,Organic,Electronics,Laptops,Dell,XPS,1636.0,1300.0,1.0,6.0,1636.0,13.0,323.0,Credit Card,4.0
2021-04-17,26-35,PA,Female,Middle,PPC,Clothing,Jeans,Wrangler,Authentics,41.0,30.0,3.0,24.0,123.0,9.0,23.0,Credit Card,7.0
2021-04-17,66+,GA,Male,Middle,Others,Beauty,Skincare,Neutrogena,Hydro Boost Gel,23.0,20.0,3.0,10.0,68.0,4.0,4.0,Credit Card,5.0
2021-04-17,36-45,PA,Male,Low,PPC,Clothing,Jeans,Wrangler,Regular Fit,47.0,35.0,1.0,23.0,47.0,6.0,6.0,Digital Wallet,10.0
2021-04-17,66+,GA,Female,Middle,Email,Beauty,Makeup,Maybelline,Lash Sensational Mascara,14.0,10.0,2.0,10.0,28.0,3.0,5.0,Digital Wallet,3.0
2021-04-17,66+,FL,Male,Middle,App,Beauty,Makeup,Maybelline,Lash Sensational Mascara,14.0,10.0,2.0,10.0,28.0,5.0,3.0,Debit Card,5.0
2021-04-17,18-25,CA,Other,High,Email,Electronics,Smartphones,Samsung,Galaxy S21,733.0,500.0,3.0,9.0,2200.0,18.0,682.0,Digital Wallet,4.0
2021-04-17,18-25,OH,Male,Low,Affiliates,Electronics,Laptops,HP,Envy,1014.0,700.0,1.0,5.0,1014.0,12.0,302.0,Debit Card,5.0
2021-04-17,66+,MI,Other,Low,App,Electronics,Laptops,HP,Pavilion,821.0,600.0,2.0,4.0,1642.0,23.0,418.0,Digital Wallet,6.0
2021-04-17,66+,TX,Male,Low,Email,Electronics,Laptops,Dell,XPS,1650.0,1300.0,1.0,3.0,1650.0,12.0,338.0,Credit Card,4.0
2021-04-17,26-35,IL,Female,Low,PPC,Beauty,Skincare,Neutrogena,Rapid Wrinkle Repair,26.0,20.0,5.0,13.0,132.0,8.0,25.0,Digital Wallet,4.0
2021-04-17,36-45,CA,Other,Middle,Organic,Beauty,Skincare,Neutrogena,Rapid Wrinkle Repair,26.0,20.0,5.0,11.0,132.0,4.0,28.0,Debit Card,4.0
2021-04-17,26-35,PA,Female,Middle,Others,Home,Beds,Tempur-Pedic,Contour Elite,2044.0,1700.0,1.0,3.0,2044.0,18.0,327.0,Digital Wallet,5.0
2021-04-17,18-25,CA,Other,Middle,Affiliates,Electronics,Smartphones,Apple,iPhone 15,1044.0,800.0,3.0,9.0,3133.0,18.0,715.0,Credit Card,8.0
2021-04-17,46-55,MI,Other,Low,Organic,Clothing,T-Shirts,Adidas,Performance,58.0,45.0,3.0,18.0,173.0,9.0,29.0,Credit Card,6.0
2021-04-17,26-35,CA,Female,Low,App,Clothing,Jeans,Levis,501 Original,76.0,60.0,1.0,15.0,76.0,3.0,13.0,Digital Wallet,3.0
2021-04-17,66+,IL,Other,Low,Affiliates,Clothing,T-Shirts,Adidas,Performance,62.0,45.0,2.0,13.0,123.0,7.0,26.0,BNPL,4.0
2021-04-17,66+,NC,Male,Middle,Organic,Electronics,Laptops,HP,Pavilion,732.0,600.0,2.0,8.0,1464.0,25.0,239.0,Debit Card,6.0
2021-04-17,36-45,FL,Male,Low,Organic,Electronics,Smartphones,Apple,iPhone 14,964.0,700.0,2.0,8.0,1928.0,15.0,513.0,Debit Card,4.0
2021-04-17,66+,TX,Male,Middle,Affiliates,Electronics,Laptops,Dell,Inspiron,834.0,600.0,2.0,2.0,1667.0,21.0,446.0,Credit Card,5.0
2021-04-17,56-65,IL,Male,Middle,App,Beauty,Makeup,Maybelline,Fit Me Foundation,18.0,15.0,7.0,10.0,127.0,9.0,13.0,Digital Wallet,7.0
2021-04-17,36-45,NY,Male,High,App,Home,Beds,Tempur-Pedic,Cloud Supreme,2175.0,1800.0,1.0,4.0,2175.0,19.0,356.0,Credit Card,5.0
2021-04-17,46-55,PA,Female,High,Affiliates,Clothing,T-Shirts,Adidas,Performance,71.0,45.0,1.0,14.0,71.0,5.0,21.0,Debit Card,3.0
2021-04-17,66+,NY,Female,Middle,Organic,Electronics,Smartphones,Apple,iPhone 14,956.0,700.0,1.0,5.0,956.0,11.0,245.0,Credit Card,5.0
2021-04-17,18-25,PA,Male,Low,Affiliates,Electronics,Smartphones,Apple,iPhone 15,1018.0,800.0,1.0,10.0,1018.0,10.0,208.0,Debit Card,2.0
2021-04-17,56-65,IL,Other,Middle,Organic,Electronics,Smartphones,Apple,iPhone 15,1112.0,800.0,3.0,5.0,3337.0,22.0,915.0,Digital Wallet,4.0
2021-04-17,26-35,CA,Male,High,PPC,Home,Beds,Tempur-Pedic,Cloud Supreme,2216.0,1800.0,1.0,2.0,2216.0,14.0,402.0,Credit Card,4.0
2021-04-17,66+,CA,Male,Low,PPC,Beauty,Makeup,Maybelline,Fit Me Foundation,21.0,15.0,6.0,12.0,129.0,4.0,35.0,Debit Card,4.0
2021-04-17,26-35,CA,Female,Middle,Affiliates,Beauty,Skincare,Neutrogena,Hydro Boost Gel,21.0,20.0,1.0,15.0,21.0,3.0,-2.0,Digital Wallet,2.0
2021-04-17,26-35,MI,Male,Middle,Email,Clothing,T-Shirts,Adidas,Essentials,34.0,35.0,6.0,13.0,204.0,12.0,-18.0,Credit Card,7.0
2021-04-17,26-35,MI,Male,Middle,PPC,Home,Furniture,IKEA,Kallax Shelf,65.0,60.0,2.0,3.0,130.0,28.0,-18.0,Digital Wallet,5.0
2021-04-17,26-35,MI,Male,Low,App,Electronics,Laptops,Apple Laptop,MacBook Air M1,1132.0,900.0,1.0,2.0,1132.0,14.0,218.0,BNPL,4.0
2021-04-17,26-35,FL,Other,Middle,App,Home,Beds,Serta,iComfort,2301.0,1900.0,2.0,4.0,4601.0,31.0,770.0,BNPL,5.0
2021-04-17,46-55,MI,Female,Middle,Organic,Electronics,Smartphones,Apple,iPhone SE,564.0,400.0,3.0,7.0,1693.0,22.0,471.0,Credit Card,6.0
2021-04-17,66+,PA,Male,Middle,App,Clothing,Jeans,Wrangler,Regular Fit,54.0,35.0,1.0,15.0,54.0,6.0,14.0,Credit Card,4.0
2021-04-17,46-55,FL,Other,Low,Organic,Electronics,Smartphones,Samsung,Galaxy Z Fold 5,1643.0,1500.0,17.0,14.0,27936.0,90.0,2346.0,BNPL,12.0
2021-04-17,46-55,MI,Female,Middle,PPC,Beauty,Makeup,Revlon,ColorStay Lipstick,16.0,15.0,6.0,13.0,94.0,8.0,-4.0,Debit Card,6.0
2021-04-17,36-45,CA,Male,Middle,Email,Beauty,Skincare,Neutrogena,Oil-Free Acne Wash,21.0,15.0,2.0,11.0,42.0,3.0,9.0,Digital Wallet,2.0
2021-04-17,26-35,MI,Female,Middle,Email,Home,Furniture,IKEA,Billy Bookcase,142.0,100.0,17.0,3.0,2416.0,177.0,539.0,Credit Card,13.0
2021-04-17,36-45,MI,Other,Low,Email,Beauty,Skincare,Neutrogena,Rapid Wrinkle Repair,25.0,20.0,5.0,16.0,126.0,8.0,18.0,Credit Card,5.0
2021-04-17,66+,MI,Female,Low,PPC,Electronics,Smartphones,Samsung,Galaxy S21,640.0,500.0,3.0,10.0,1919.0,22.0,397.0,Digital Wallet,5.0
2021-04-17,26-35,MI,Female,Middle,Email,Electronics,Smartphones,Apple,iPhone SE,598.0,400.0,3.0,6.0,1795.0,22.0,573.0,Digital Wallet,6.0
2021-04-17,18-25,OH,Female,Middle,Others,Electronics,Laptops,Apple Laptop,MacBook Air M1,1090.0,900.0,1.0,4.0,1090.0,12.0,178.0,Digital Wallet,3.0
2021-04-17,36-45,CA,Male,High,Organic,Home,Furniture,IKEA,Billy Bookcase,174.0,100.0,1.0,1.0,174.0,12.0,63.0,Digital Wallet,4.0
2021-04-17,46-55,IL,Female,High,App,Home,Beds,Serta,iComfort,2563.0,1900.0,1.0,2.0,2563.0,18.0,644.0,Debit Card,5.0
2021-04-17,46-55,MI,Female,Middle,Others,Electronics,Smartphones,Apple,iPhone 15,1072.0,800.0,3.0,7.0,3216.0,22.0,794.0,Digital Wallet,7.0
2021-04-17,36-45,NC,Male,Middle,Affiliates,Clothing,T-Shirts,Adidas,Performance,61.0,45.0,5.0,12.0,306.0,12.0,69.0,Credit Card,6.0
2021-04-17,18-25,FL,Male,Low,Email,Electronics,Smartphones,Apple,iPhone 15,972.0,800.0,1.0,14.0,972.0,9.0,162.0,Debit Card,4.0
2021-04-17,56-65,NY,Female,High,App,Home,Furniture,IKEA,Billy Bookcase,151.0,100.0,2.0,2.0,302.0,28.0,73.0,Digital Wallet,8.0
2021-04-17,18-25,NY,Male,Middle,Organic,Electronics,Smartphones,Apple,iPhone 14,958.0,700.0,3.0,6.0,2874.0,23.0,752.0,Digital Wallet,5.0
2021-04-17,46-55,MI,Female,Middle,Organic,Home,Beds,Tempur-Pedic,Cloud Supreme,2084.0,1800.0,2.0,2.0,4167.0,32.0,535.0,Credit Card,5.0
2021-04-17,26-35,NC,Male,Low,Organic,Home,Furniture,IKEA,Billy Bookcase,154.0,100.0,1.0,1.0,154.0,18.0,36.0,Credit Card,6.0
2021-04-17,56-65,GA,Male,Low,Email,Clothing,Jeans,Levis,Bootcut,105.0,100.0,3.0,19.0,316.0,7.0,10.0,BNPL,6.0
2021-04-17,66+,MI,Male,High,Others,Electronics,Laptops,Dell,Inspiron,828.0,600.0,1.0,8.0,828.0,14.0,214.0,Debit Card,5.0
2021-04-17,36-45,TX,Female,Low,Email,Home,Beds,Tempur-Pedic,Contour Elite,2066.0,1700.0,2.0,1.0,4132.0,30.0,702.0,Digital Wallet,4.0
2021-04-17,36-45,FL,Male,Middle,App,Electronics,Smartphones,Samsung,Galaxy Z Fold 5,1666.0,1500.0,3.0,14.0,4997.0,21.0,476.0,Credit Card,5.0
2021-04-17,18-25,CA,Female,Middle,Affiliates,Beauty,Makeup,Maybelline,Fit Me Foundation,23.0,15.0,1.0,6.0,23.0,3.0,5.0,Digital Wallet,2.0
2021-04-17,46-55,FL,Female,Middle,Organic,Electronics,Laptops,Apple Laptop,MacBook Pro M2,1394.0,1200.0,2.0,2.0,2787.0,22.0,366.0,Credit Card,5.0
2021-04-17,66+,IL,Female,Middle,Organic,Beauty,Makeup,Maybelline,Lash Sensational Mascara,11.0,10.0,3.0,7.0,34.0,7.0,-3.0,Credit Card,4.0
2021-04-17,66+,NC,Other,Low,App,Home,Beds,Tempur-Pedic,Cloud Supreme,2138.0,1800.0,1.0,2.0,2138.0,20.0,317.0,Debit Card,2.0
2021-04-17,46-55,IL,Female,Low,Affiliates,Electronics,Smartphones,Apple,iPhone SE,611.0,400.0,3.0,5.0,1832.0,22.0,610.0,Digital Wallet,5.0
2021-04-17,66+,TX,Male,Middle,Affiliates,Beauty,Makeup,Maybelline,Fit Me Foundation,24.0,15.0,5.0,7.0,121.0,5.0,41.0,BNPL,5.0
2021-04-17,66+,MI,Female,High,Others,Beauty,Makeup,Revlon,ColorStay Lipstick,16.0,15.0,1.0,13.0,16.0,6.0,-4.0,Digital Wallet,4.0
2021-04-17,26-35,TX,Male,Middle,Organic,Beauty,Skincare,Neutrogena,Hydro Boost Gel,24.0,20.0,2.0,14.0,49.0,4.0,5.0,Debit Card,4.0
2021-04-17,26-35,PA,Female,Middle,Organic,Electronics,Laptops,Apple Laptop,MacBook Pro M3,1886.0,1500.0,1.0,2.0,1886.0,13.0,373.0,Credit Card,5.0
2021-04-17,56-65,NY,Male,Low,App,Beauty,Makeup,Maybelline,Fit Me Foundation,19.0,15.0,7.0,12.0,131.0,10.0,16.0,Credit Card,5.0
2021-04-17,18-25,FL,Female,High,App,Home,Furniture,IKEA,Billy Bookcase,157.0,100.0,2.0,4.0,314.0,26.0,88.0,Digital Wallet,6.0
2021-04-17,56-65,PA,Male,Low,Affiliates,Home,Furniture,IKEA,Billy Bookcase,158.0,100.0,2.0,1.0,315.0,27.0,88.0,Digital Wallet,5.0
2021-04-17,66+,IL,Male,Middle,Organic,Beauty,Makeup,Maybelline,Lash Sensational Mascara,13.0,10.0,3.0,13.0,39.0,7.0,2.0,Debit Card,4.0
2021-04-17,18-25,NC,Male,Middle,Affiliates,Home,Beds,Serta,iComfort,2399.0,1900.0,8.0,4.0,19195.0,103.0,3892.0,BNPL,9.0
2021-04-17,46-55,CA,Male,Middle,Email,Home,Furniture,Ashley Furniture,Dining Table,365.0,200.0,2.0,4.0,730.0,23.0,307.0,Credit Card,4.0
2021-04-17,56-65,GA,Other,Middle,Affiliates,Clothing,Jeans,Levis,501 Original,72.0,60.0,1.0,20.0,72.0,3.0,9.0,Debit Card,5.0
2021-04-17,56-65,PA,Male,Middle,Email,Electronics,Laptops,Dell,Inspiron,818.0,600.0,1.0,7.0,818.0,13.0,205.0,BNPL,5.0
2021-04-17,46-55,CA,Male,Middle,Others,Beauty,Makeup,Maybelline,Lash Sensational Mascara,19.0,10.0,6.0,7.0,115.0,4.0,51.0,BNPL,5.0
2021-04-17,66+,TX,Other,Low,Email,Electronics,Smartphones,Samsung,Galaxy Z Fold 5,1697.0,1500.0,2.0,12.0,3395.0,14.0,381.0,Credit Card,4.0
2021-04-17,26-35,PA,Male,High,Affiliates,Home,Furniture,IKEA,Billy Bookcase,145.0,100.0,2.0,3.0,290.0,27.0,63.0,BNPL,6.0
2021-04-17,66+,IL,Male,Middle,Affiliates,Home,Beds,Tempur-Pedic,Contour Elite,2033.0,1700.0,1.0,3.0,2033.0,18.0,315.0,Digital Wallet,5.0
2021-04-17,56-65,PA,Female,Middle,PPC,Electronics,Smartphones,Samsung,Galaxy A32,311.0,250.0,1.0,13.0,311.0,10.0,51.0,Credit Card,3.0
2021-04-17,56-65,FL,Female,Low,App,Home,Furniture,Ashley Furniture,Dining Table,315.0,200.0,2.0,4.0,630.0,26.0,203.0,Digital Wallet,7.0
2021-04-17,56-65,FL,Male,High,Affiliates,Beauty,Makeup,Revlon,ColorStay Lipstick,19.0,15.0,2.0,11.0,38.0,5.0,3.0,Credit Card,4.0
2021-04-17,36-45,OH,Female,Middle,Affiliates,Clothing,Jeans,Wrangler,Authentics,45.0,30.0,3.0,16.0,135.0,8.0,37.0,Digital Wallet,4.0
2021-04-17,18-25,NC,Male,Middle,App,Home,Furniture,IKEA,Billy Bookcase,174.0,100.0,1.0,1.0,174.0,18.0,56.0,Digital Wallet,7.0
2021-04-17,66+,CA,Female,Middle,Organic,Home,Furniture,IKEA,Kallax Shelf,87.0,60.0,1.0,4.0,87.0,12.0,15.0,Debit Card,5.0
2021-04-17,46-55,NC,Female,High,Organic,Home,Beds,Serta,iComfort,2501.0,1900.0,1.0,2.0,2501.0,20.0,581.0,Digital Wallet,5.0
2021-04-17,18-25,CA,Other,Middle,App,Beauty,Makeup,Maybelline,Lash Sensational Mascara,14.0,10.0,6.0,8.0,83.0,4.0,19.0,Credit Card,6.0
2021-04-17,18-25,CA,Female,Middle,Affiliates,Electronics,Smartphones,Apple,iPhone SE,548.0,400.0,1.0,11.0,548.0,6.0,142.0,Credit Card,4.0
2021-04-17,18-25,MI,Female,Middle,Email,Beauty,Makeup,Maybelline,Fit Me Foundation,17.0,15.0,7.0,7.0,122.0,9.0,8.0,Digital Wallet,6.0
2021-04-17,18-25,FL,Female,Middle,App,Electronics,Laptops,HP,Pavilion,780.0,600.0,1.0,5.0,780.0,13.0,167.0,BNPL,4.0
2021-04-17,26-35,NY,Female,Middle,Affiliates,Clothing,Jeans,Levis,501 Original,71.0,60.0,3.0,22.0,212.0,11.0,22.0,Debit Card,6.0
2021-04-17,66+,TX,Female,Low,Organic,Home,Furniture,IKEA,Billy Bookcase,158.0,100.0,1.0,4.0,158.0,14.0,44.0,Debit Card,4.0
2021-04-17,56-65,NC,Other,High,Affiliates,Home,Furniture,IKEA,Kallax Shelf,75.0,60.0,1.0,3.0,75.0,18.0,-3.0,Digital Wallet,5.0
2021-04-17,26-35,TX,Other,Middle,Affiliates,Electronics,Smartphones,Apple,iPhone SE,594.0,400.0,1.0,8.0,594.0,8.0,186.0,Digital Wallet,3.0
2021-04-17,18-25,TX,Male,Low,Affiliates,Home,Furniture,Ashley Furniture,Dining Table,370.0,200.0,1.0,4.0,370.0,14.0,156.0,Digital Wallet,5.0
2021-04-17,36-45,IL,Male,Middle,App,Electronics,Laptops,HP,Envy,884.0,700.0,2.0,6.0,1768.0,23.0,346.0,Credit Card,5.0
2021-04-17,46-55,TX,Female,Low,App,Home,Furniture,IKEA,Kallax Shelf,58.0,60.0,1.0,2.0,58.0,14.0,-16.0,Debit Card,4.0
2021-04-17,26-35,FL,Female,Low,Organic,Clothing,Jeans,Levis,Bootcut,95.0,100.0,1.0,18.0,95.0,5.0,-10.0,Digital Wallet,4.0
2021-04-17,18-25,NY,Other,Middle,Affiliates,Electronics,Smartphones,Samsung,Galaxy Z Fold 5,1628.0,1500.0,3.0,12.0,4884.0,23.0,362.0,Debit Card,4.0
2021-04-17,26-35,CA,Male,Middle,Organic,Home,Furniture,Ashley Furniture,Bed Frame,232.0,100.0,1.0,2.0,232.0,12.0,120.0,Digital Wallet,4.0
2021-04-17,18-25,PA,Male,High,Organic,Home,Beds,Tempur-Pedic,Cloud Supreme,2151.0,1800.0,1.0,4.0,2151.0,18.0,333.0,Credit Card,5.0
2021-04-17,36-45,FL,Female,Middle,App,Home,Beds,Tempur-Pedic,Contour Elite,2008.0,1700.0,1.0,1.0,2008.0,17.0,290.0,Digital Wallet,5.0
2021-04-17,36-45,CA,Male,Low,PPC,Clothing,Jeans,Wrangler,Regular Fit,47.0,35.0,15.0,24.0,700.0,23.0,152.0,BNPL,10.0
2021-04-17,26-35,MI,Other,Middle,App,Home,Furniture,IKEA,Billy Bookcase,134.0,100.0,2.0,1.0,267.0,28.0,40.0,Credit Card,4.0
2021-04-17,36-45,CA,Female,High,Others,Beauty,Makeup,Maybelline,Lash Sensational Mascara,14.0,10.0,3.0,9.0,41.0,3.0,8.0,Digital Wallet,3.0
2021-04-17,26-35,PA,Male,Low,Organic,Clothing,Jeans,Wrangler,Authentics,40.0,30.0,3.0,22.0,121.0,9.0,21.0,Debit Card,4.0
2021-04-17,26-35,PA,Female,Middle,Affiliates,Electronics,Smartphones,Apple,iPhone SE,504.0,400.0,2.0,12.0,1009.0,15.0,193.0,Debit Card,5.0
2021-04-17,46-55,TX,Male,High,PPC,Electronics,Laptops,Apple Laptop,MacBook Air M2,1175.0,1000.0,2.0,9.0,2350.0,21.0,329.0,BNPL,5.0
2021-04-17,26-35,NC,Female,Middle,Email,Home,Beds,Serta,Perfect Sleeper,980.0,750.0,2.0,1.0,1959.0,34.0,425.0,BNPL,7.0
2021-04-17,36-45,NC,Female,Middle,App,Home,Furniture,Ashley Furniture,Dining Table,349.0,200.0,1.0,1.0,349.0,18.0,131.0,Credit Card,5.0
2021-04-17,46-55,FL,Male,Low,Affiliates,Electronics,Smartphones,Samsung,Galaxy S21,739.0,500.0,2.0,10.0,1477.0,15.0,462.0,Credit Card,2.0
2021-04-17,56-65,TX,Female,Low,App,Home,Beds,Serta,iComfort,2334.0,1900.0,2.0,3.0,4668.0,30.0,838.0,Credit Card,7.0
2021-04-17,18-25,CA,Other,Middle,Organic,Clothing,Jeans,Wrangler,Authentics,41.0,30.0,3.0,22.0,124.0,6.0,28.0,Digital Wallet,4.0
2021-04-17,18-25,PA,Male,High,Organic,Electronics,Smartphones,Apple,iPhone 14,883.0,700.0,2.0,13.0,1765.0,15.0,350.0,Credit Card,5.0
2021-04-17,46-55,GA,Male,Middle,Organic,Electronics,Laptops,Apple Laptop,MacBook Pro M3,1744.0,1500.0,2.0,7.0,3487.0,20.0,467.0,Credit Card,4.0
2021-04-17,18-25,TX,Male,Low,Affiliates,Electronics,Smartphones,Samsung,Galaxy S21,745.0,500.0,3.0,12.0,2235.0,20.0,715.0,BNPL,5.0
2021-04-17,26-35,MI,Male,Low,Email,Electronics,Smartphones,Samsung,Galaxy S21,665.0,500.0,2.0,11.0,1331.0,16.0,314.0,Digital Wallet,4.0
2021-04-17,26-35,TX,Male,Low,PPC,Beauty,Makeup,Maybelline,Lash Sensational Mascara,15.0,10.0,6.0,7.0,87.0,6.0,22.0,BNPL,6.0
2021-04-17,36-45,GA,Male,Low,Organic,Clothing,T-Shirts,Nike,Pro,33.0,30.0,2.0,13.0,66.0,4.0,2.0,BNPL,6.0
2021-04-17,46-55,CA,Male,Low,Others,Electronics,Smartphones,Apple,iPhone 14,905.0,700.0,3.0,14.0,2714.0,18.0,597.0,Digital Wallet,4.0
2021-04-17,18-25,TX,Male,Middle,Organic,Beauty,Makeup,Maybelline,Fit Me Foundation,15.0,15.0,5.0,6.0,77.0,5.0,-3.0,Credit Card,5.0
2021-04-17,56-65,GA,Female,Low,Organic,Home,Furniture,Ashley Furniture,Dining Table,313.0,200.0,2.0,3.0,626.0,24.0,201.0,Credit Card,5.0
2021-04-17,26-35,NC,Male,Middle,Organic,Home,Beds,Tempur-Pedic,Cloud Supreme,2145.0,1800.0,2.0,2.0,4291.0,34.0,657.0,Credit Card,6.0
2021-04-17,18-25,NY,Other,Middle,PPC,Clothing,Jeans,Wrangler,Authentics,47.0,30.0,2.0,15.0,94.0,9.0,25.0,Digital Wallet,4.0
2021-04-17,26-35,IL,Female,Low,Others,Electronics,Laptops,Apple Laptop,MacBook Pro M3,1832.0,1500.0,1.0,4.0,1832.0,14.0,318.0,Digital Wallet,5.0
2021-04-17,56-65,NC,Male,Middle,Organic,Electronics,Smartphones,Apple,iPhone 14,991.0,700.0,2.0,7.0,1982.0,18.0,564.0,BNPL,5.0
2021-04-17,18-25,NY,Female,Low,Affiliates,Electronics,Laptops,Dell,XPS,1543.0,1300.0,1.0,8.0,1543.0,15.0,228.0,Credit Card,5.0
2021-04-17,18-25,IL,Female,Middle,Organic,Electronics,Laptops,Apple Laptop,MacBook Pro M3,1897.0,1500.0,1.0,3.0,1897.0,14.0,384.0,Digital Wallet,6.0
2021-04-17,46-55,TX,Male,Middle,App,Beauty,Skincare,Neutrogena,Hydro Boost Gel,21.0,20.0,3.0,13.0,62.0,5.0,-3.0,Debit Card,5.0
2021-04-17,56-65,TX,Female,Low,Others,Home,Beds,Tempur-Pedic,Contour Elite,1868.0,1700.0,1.0,4.0,1868.0,16.0,152.0,BNPL,4.0
2021-04-17,18-25,NC,Female,Middle,Organic,Home,Furniture,Ashley Furniture,Bed Frame,239.0,100.0,2.0,4.0,478.0,29.0,249.0,Digital Wallet,7.0
2021-04-17,36-45,CA,Male,Middle,Organic,Electronics,Laptops,Apple Laptop,MacBook Pro M2,1352.0,1200.0,2.0,9.0,2704.0,19.0,285.0,Debit Card,6.0
2021-04-17,26-35,NY,Female,High,Others,Electronics,Smartphones,Samsung,Galaxy S21,696.0,500.0,1.0,7.0,696.0,11.0,185.0,Debit Card,5.0
2021-04-17,26-35,CA,Female,High,App,Beauty,Makeup,Revlon,PhotoReady Concealer,14.0,12.0,5.0,10.0,72.0,3.0,9.0,BNPL,6.0
2021-04-17,18-25,OH,Other,Middle,Email,Home,Furniture,Ashley Furniture,Bed Frame,219.0,100.0,2.0,4.0,437.0,26.0,211.0,Digital Wallet,6.0
2021-04-17,26-35,IL,Other,Middle,Email,Clothing,Jeans,Wrangler,Authentics,40.0,30.0,2.0,19.0,81.0,8.0,13.0,Debit Card,5.0
2021-04-17,56-65,IL,Female,Middle,App,Electronics,Laptops,HP,Envy,952.0,700.0,1.0,6.0,952.0,14.0,239.0,Credit Card,4.0
2021-04-17,36-45,OH,Female,Low,Affiliates,Clothing,T-Shirts,Nike,Dry-FIT,25.0,20.0,5.0,18.0,126.0,8.0,17.0,Credit Card,6.0
2021-04-17,26-35,PA,Male,Middle,Others,Clothing,T-Shirts,Nike,Sportswear,32.0,25.0,5.0,16.0,161.0,9.0,26.0,Digital Wallet,5.0
2021-04-17,36-45,TX,Female,Middle,App,Clothing,Jeans,Wrangler,Authentics,41.0,30.0,3.0,15.0,124.0,8.0,26.0,Credit Card,6.0
2021-04-17,46-55,FL,Other,Middle,Affiliates,Electronics,Laptops,Dell,Inspiron,827.0,600.0,2.0,4.0,1653.0,22.0,431.0,Digital Wallet,3.0
2021-04-17,46-55,FL,Female,High,App,Electronics,Smartphones,Samsung,Galaxy A32,308.0,250.0,2.0,12.0,617.0,15.0,102.0,Credit Card,5.0
2021-04-17,66+,NC,Female,Middle,Affiliates,Clothing,T-Shirts,Adidas,Essentials,45.0,35.0,1.0,12.0,45.0,8.0,2.0,Digital Wallet,5.0
2021-04-17,26-35,CA,Male,High,Affiliates,Clothing,T-Shirts,Nike,Sportswear,38.0,25.0,3.0,10.0,113.0,5.0,34.0,Debit Card,3.0
2021-04-17,18-25,IL,Female,Middle,Organic,Clothing,Jeans,Levis,501 Original,83.0,60.0,3.0,18.0,249.0,10.0,60.0,Debit Card,5.0
2021-04-17,26-35,OH,Female,Middle,PPC,Beauty,Makeup,Maybelline,Fit Me Foundation,22.0,15.0,5.0,7.0,110.0,6.0,29.0,Digital Wallet,4.0
2021-04-17,26-35,FL,Female,Low,Affiliates,Clothing,Jeans,Levis,Bootcut,102.0,100.0,8.0,17.0,817.0,16.0,2.0,Credit Card,7.0
2021-04-17,26-35,FL,Other,Middle,Email,Electronics,Laptops,Apple Laptop,MacBook Air M2,1265.0,1000.0,1.0,7.0,1265.0,13.0,252.0,Credit Card,5.0
2021-04-17,18-25,OH,Female,Low,App,Home,Beds,Serta,iComfort,2366.0,1900.0,1.0,2.0,2366.0,17.0,449.0,Digital Wallet,5.0
2021-04-17,26-35,FL,Female,Low,Organic,Home,Beds,Tempur-Pedic,Cloud Supreme,2193.0,1800.0,2.0,2.0,4386.0,31.0,755.0,Debit Card,5.0
2021-04-17,26-35,TX,Male,Middle,Affiliates,Electronics,Laptops,HP,Envy,1013.0,700.0,1.0,4.0,1013.0,12.0,302.0,Credit Card,5.0
2021-04-17,36-45,PA,Other,Low,PPC,Home,Beds,Tempur-Pedic,Contour Elite,2026.0,1700.0,1.0,2.0,2026.0,18.0,308.0,Digital Wallet,5.0
2021-04-17,26-35,CA,Male,Low,Organic,Electronics,Laptops,HP,Pavilion,738.0,600.0,2.0,2.0,1475.0,19.0,256.0,Debit Card,3.0
2021-04-17,66+,NY,Female,Middle,Others,Clothing,Jeans,Levis,Slim Fit,67.0,50.0,3.0,15.0,200.0,11.0,40.0,Debit Card,4.0
2021-04-17,36-45,CA,Other,High,Email,Clothing,Jeans,Wrangler,Authentics,41.0,30.0,2.0,18.0,82.0,4.0,18.0,BNPL,3.0
2021-04-17,26-35,FL,Male,Low,Email,Electronics,Smartphones,Samsung,Galaxy S21,700.0,500.0,2.0,8.0,1400.0,15.0,385.0,Debit Card,4.0
2021-04-17,18-25,FL,Male,Low,Others,Home,Furniture,IKEA,Kallax Shelf,74.0,60.0,2.0,4.0,147.0,26.0,1.0,Credit Card,5.0
2021-04-17,56-65,MI,Female,Low,Email,Home,Beds,Tempur-Pedic,Cloud Supreme,2079.0,1800.0,2.0,3.0,4158.0,32.0,526.0,Credit Card,6.0
2021-04-17,56-65,NY,Other,Middle,App,Beauty,Makeup,Revlon,ColorStay Lipstick,21.0,15.0,2.0,7.0,41.0,7.0,5.0,Debit Card,5.0
2021-04-17,26-35,IL,Female,Middle,PPC,Electronics,Smartphones,Apple,iPhone SE,556.0,400.0,2.0,11.0,1112.0,16.0,296.0,Digital Wallet,4.0
2021-04-17,66+,GA,Other,High,Affiliates,Home,Furniture,Ashley Furniture,Dining Table,354.0,200.0,2.0,2.0,709.0,24.0,284.0,Debit Card,7.0
2021-04-17,56-65,NY,Other,Middle,Affiliates,Home,Beds,Serta,iComfort,2404.0,1900.0,1.0,4.0,2404.0,19.0,485.0,Debit Card,4.0
2021-04-17,66+,NC,Male,Low,App,Home,Furniture,Ashley Furniture,Bed Frame,255.0,100.0,2.0,4.0,509.0,29.0,280.0,Credit Card,7.0
2021-04-17,56-65,CA,Female,Middle,Organic,Beauty,Makeup,Revlon,ColorStay Lipstick,22.0,15.0,7.0,7.0,152.0,5.0,43.0,Credit Card,5.0
2021-04-17,46-55,MI,Male,Middle,PPC,Clothing,Jeans,Levis,501 Original,70.0,60.0,2.0,19.0,140.0,8.0,12.0,Digital Wallet,4.0
2021-04-17,46-55,NY,Other,Middle,Affiliates,Beauty,Makeup,Maybelline,Fit Me Foundation,22.0,15.0,7.0,6.0,156.0,10.0,41.0,Debit Card,8.0
2021-04-17,66+,CA,Male,Middle,Affiliates,Beauty,Makeup,Maybelline,Fit Me Foundation,24.0,15.0,2.0,9.0,49.0,3.0,16.0,Credit Card,3.0
2021-04-17,46-55,TX,Male,Middle,Affiliates,Clothing,Jeans,Wrangler,Regular Fit,51.0,35.0,2.0,17.0,101.0,6.0,25.0,Debit Card,3.0
2021-04-17,36-45,CA,Male,Middle,Organic,Beauty,Skincare,Neutrogena,Hydro Boost Gel,19.0,20.0,3.0,18.0,58.0,3.0,-5.0,Digital Wallet,3.0
2021-04-17,26-35,NY,Other,Low,Affiliates,Electronics,Laptops,Apple Laptop,MacBook Pro M3,1754.0,1500.0,2.0,9.0,3507.0,24.0,483.0,Debit Card,6.0
2021-04-17,46-55,OH,Male,High,Organic,Beauty,Skincare,Neutrogena,Hydro Boost Gel,21.0,20.0,3.0,12.0,63.0,5.0,-2.0,BNPL,5.0
2021-04-17,56-65,NY,Male,Low,Organic,Electronics,Smartphones,Samsung,Galaxy S21,665.0,500.0,1.0,10.0,665.0,11.0,153.0,Credit Card,5.0
2021-04-17,46-55,NY,Female,Middle,Others,Home,Furniture,IKEA,Billy Bookcase,183.0,100.0,10.0,1.0,1827.0,109.0,718.0,BNPL,10.0
2021-04-17,66+,PA,Other,Middle,Others,Clothing,Jeans,Wrangler,Authentics,37.0,30.0,2.0,18.0,75.0,7.0,7.0,Credit Card,4.0
2021-04-17,36-45,PA,Male,Middle,Affiliates,Home,Beds,Tempur-Pedic,Cloud Supreme,2174.0,1800.0,1.0,2.0,2174.0,18.0,356.0,Digital Wallet,4.0
2021-04-17,26-35,OH,Male,Middle,Others,Home,Furniture,IKEA,Billy Bookcase,140.0,100.0,2.0,2.0,280.0,26.0,55.0,Credit Card,5.0
2021-04-17,26-35,CA,Female,Low,Affiliates,Home,Beds,Serta,iComfort,2293.0,1900.0,2.0,4.0,4586.0,28.0,758.0,Credit Card,4.0
2021-04-17,36-45,CA,Female,Low,Others,Electronics,Smartphones,Samsung,Galaxy A32,343.0,250.0,1.0,12.0,343.0,6.0,86.0,Digital Wallet,4.0
2021-04-17,18-25,NC,Female,Middle,Organic,Electronics,Smartphones,Apple,iPhone 14,896.0,700.0,2.0,14.0,1792.0,18.0,374.0,Digital Wallet,5.0
2021-04-17,18-25,GA,Female,High,Affiliates,Home,Beds,Tempur-Pedic,Contour Elite,2043.0,1700.0,2.0,3.0,4087.0,29.0,657.0,Credit Card,6.0
2021-04-17,36-45,FL,Female,Low,Organic,Electronics,Smartphones,Apple,iPhone 14,898.0,700.0,1.0,14.0,898.0,9.0,188.0,BNPL,4.0
2021-04-17,26-35,IL,Male,Middle,PPC,Beauty,Skincare,Neutrogena,Rapid Wrinkle Repair,22.0,20.0,5.0,11.0,111.0,8.0,3.0,BNPL,5.0
2021-04-17,36-45,FL,Female,Low,Email,Electronics,Smartphones,Samsung,Galaxy S21,641.0,500.0,15.0,12.0,9618.0,78.0,2040.0,Debit Card,10.0
2021-04-17,26-35,CA,Female,Middle,Organic,Clothing,Jeans,Wrangler,Authentics,46.0,30.0,1.0,21.0,46.0,3.0,13.0,Digital Wallet,3.0
2021-04-17,26-35,CA,Male,Middle,Affiliates,Electronics,Laptops,Apple Laptop,MacBook Air M2,1331.0,1000.0,1.0,2.0,1331.0,10.0,321.0,Digital Wallet,3.0
2021-04-17,36-45,TX,Male,Middle,Others,Beauty,Makeup,Maybelline,Lash Sensational Mascara,15.0,10.0,1.0,7.0,15.0,3.0,2.0,Digital Wallet,3.0
2021-04-17,26-35,PA,Female,High,Others,Home,Furniture,IKEA,Kallax Shelf,85.0,60.0,1.0,4.0,85.0,15.0,10.0,Credit Card,7.0
2021-04-17,56-65,TX,Female,High,PPC,Beauty,Makeup,Maybelline,Fit Me Foundation,17.0,15.0,6.0,13.0,104.0,6.0,8.0,Digital Wallet,7.0
2021-04-17,18-25,PA,Female,Middle,Email,Clothing,Jeans,Levis,Slim Fit,46.0,50.0,1.0,24.0,46.0,6.0,-10.0,Debit Card,3.0
2021-04-17,36-45,CA,Male,Middle,Organic,Electronics,Smartphones,Apple,iPhone SE,595.0,400.0,1.0,8.0,595.0,6.0,189.0,BNPL,2.0
2021-04-17,56-65,CA,Female,Middle,Affiliates,Electronics,Laptops,Apple Laptop,MacBook Pro M2,1481.0,1200.0,2.0,2.0,2962.0,19.0,543.0,BNPL,3.0
2021-04-17,36-45,CA,Other,Low,Affiliates,Beauty,Makeup,Maybelline,Lash Sensational Mascara,12.0,10.0,5.0,14.0,62.0,3.0,9.0,Debit Card,3.0
2021-04-17,18-25,CA,Female,Middle,PPC,Beauty,Makeup,Revlon,ColorStay Lipstick,18.0,15.0,6.0,12.0,106.0,4.0,12.0,Credit Card,6.0
2021-04-17,66+,TX,Male,Middle,Affiliates,Electronics,Smartphones,Samsung,Galaxy S21,601.0,500.0,2.0,12.0,1202.0,14.0,188.0,BNPL,3.0
2021-04-17,56-65,FL,Female,Middle,Email,Clothing,T-Shirts,Adidas,Performance,55.0,45.0,3.0,14.0,165.0,8.0,22.0,Credit Card,2.0
2021-04-17,36-45,GA,Male,Low,Organic,Electronics,Smartphones,Apple,iPhone SE,590.0,400.0,1.0,6.0,590.0,7.0,182.0,Digital Wallet,4.0
2021-04-17,36-45,OH,Female,Middle,PPC,Home,Beds,Tempur-Pedic,Contour Elite,2124.0,1700.0,2.0,1.0,4248.0,31.0,818.0,BNPL,6.0
2021-04-17,26-35,MI,Male,Low,Email,Home,Beds,Tempur-Pedic,Contour Elite,2049.0,1700.0,1.0,2.0,2049.0,19.0,331.0,Debit Card,5.0
2021-04-17,36-45,NY,Other,Low,Email,Clothing,Jeans,Levis,Bootcut,112.0,100.0,3.0,21.0,335.0,11.0,25.0,Credit Card,5.0
2021-04-17,26-35,NY,Other,Middle,Others,Beauty,Makeup,Maybelline,Fit Me Foundation,18.0,15.0,6.0,8.0,110.0,9.0,11.0,Digital Wallet,7.0
2021-04-17,66+,CA,Male,Low,Affiliates,Electronics,Smartphones,Apple,iPhone 14,912.0,700.0,1.0,13.0,912.0,6.0,206.0,Digital Wallet,2.0
2021-04-17,26-35,IL,Female,Middle,Others,Clothing,Jeans,Levis,Slim Fit,57.0,50.0,3.0,20.0,170.0,10.0,11.0,Credit Card,5.0
2021-04-17,56-65,PA,Male,Low,Affiliates,Clothing,Jeans,Levis,501 Original,77.0,60.0,3.0,18.0,231.0,9.0,42.0,Credit Card,5.0
2021-04-17,66+,NC,Male,Middle,App,Clothing,T-Shirts,Nike,Dry-FIT,29.0,20.0,2.0,14.0,57.0,9.0,8.0,Debit Card,4.0
2021-04-17,46-55,IL,Female,Middle,Organic,Electronics,Smartphones,Samsung,Galaxy S21,694.0,500.0,1.0,12.0,694.0,10.0,184.0,Debit Card,5.0
2021-04-17,26-35,FL,Female,High,PPC,Home,Furniture,Ashley Furniture,Sofa,472.0,300.0,1.0,3.0,472.0,15.0,157.0,Debit Card,5.0
2021-04-17,26-35,TX,Female,Middle,Organic,Beauty,Makeup,Maybelline,Fit Me Foundation,22.0,15.0,5.0,9.0,108.0,5.0,28.0,Credit Card,5.0
2021-04-17,36-45,CA,Other,High,App,Electronics,Smartphones,Apple,iPhone 15,1048.0,800.0,1.0,5.0,1048.0,6.0,241.0,Digital Wallet,4.0
2021-04-17,26-35,PA,Female,Middle,App,Beauty,Skincare,Neutrogena,Oil-Free Acne Wash,20.0,15.0,1.0,17.0,20.0,5.0,1.0,Credit Card,5.0
2021-04-17,36-45,IL,Male,Middle,PPC,Beauty,Makeup,Maybelline,Fit Me Foundation,16.0,15.0,3.0,11.0,49.0,7.0,-2.0,Credit Card,5.0
2021-04-17,26-35,TX,Female,Middle,Organic,Clothing,Jeans,Wrangler,Authentics,43.0,30.0,14.0,21.0,599.0,23.0,156.0,Credit Card,13.0
2021-04-17,26-35,MI,Other,High,Organic,Beauty,Skincare,Neutrogena,Oil-Free Acne Wash,18.0,15.0,2.0,14.0,37.0,6.0,0.0,Debit Card,3.0
2021-04-17,66+,MI,Female,High,Affiliates,Beauty,Makeup,Maybelline,Lash Sensational Mascara,16.0,10.0,2.0,12.0,31.0,6.0,5.0,Debit Card,6.0
2021-04-17,18-25,IL,Other,Low,Email,Beauty,Makeup,Revlon,ColorStay Lipstick,17.0,15.0,5.0,12.0,84.0,7.0,1.0,BNPL,5.0
2021-04-17,26-35,CA,Female,Middle,App,Clothing,T-Shirts,Nike,Dry-FIT,26.0,20.0,2.0,14.0,52.0,3.0,9.0,Digital Wallet,4.0
2021-04-17,26-35,TX,Female,High,PPC,Clothing,Jeans,Levis,Bootcut,114.0,100.0,2.0,17.0,227.0,6.0,21.0,Credit Card,3.0
2021-04-17,18-25,NY,Female,Middle,Organic,Home,Furniture,Ashley Furniture,Dining Table,320.0,200.0,2.0,4.0,641.0,28.0,212.0,Debit Card,5.0
2021-04-17,56-65,NC,Female,Middle,Email,Electronics,Laptops,Apple Laptop,MacBook Air M1,1097.0,900.0,2.0,9.0,2195.0,25.0,370.0,Debit Card,11.0
2021-04-17,18-25,IL,Female,High,PPC,Clothing,T-Shirts,Nike,Sportswear,36.0,25.0,5.0,10.0,182.0,10.0,47.0,Digital Wallet,5.0
2021-04-17,56-65,NY,Other,Middle,Affiliates,Beauty,Skincare,Neutrogena,Rapid Wrinkle Repair,24.0,20.0,2.0,14.0,47.0,7.0,0.0,Digital Wallet,5.0
2021-04-17,46-55,FL,Female,Middle,Email,Clothing,T-Shirts,Nike,Sportswear,36.0,25.0,3.0,14.0,108.0,8.0,26.0,Credit Card,5.0
2021-04-17,36-45,FL,Female,Middle,Organic,Home,Beds,Serta,iComfort,2325.0,1900.0,2.0,4.0,4650.0,31.0,819.0,Digital Wallet,5.0
2021-04-17,46-55,NC,Other,Low,Email,Home,Furniture,Ashley Furniture,Sofa,470.0,300.0,1.0,3.0,470.0,18.0,152.0,Debit Card,4.0
2021-04-17,18-25,MI,Other,Low,Others,Electronics,Smartphones,Samsung,Galaxy Z Fold 5,1876.0,1500.0,3.0,6.0,5629.0,22.0,1107.0,Credit Card,5.0
2021-04-17,66+,GA,Female,Middle,Organic,Beauty,Makeup,Maybelline,Lash Sensational Mascara,14.0,10.0,2.0,13.0,28.0,3.0,5.0,Credit Card,4.0
2021-04-17,36-45,TX,Female,Middle,Organic,Home,Beds,Tempur-Pedic,Cloud Supreme,2218.0,1800.0,7.0,1.0,15525.0,85.0,2840.0,Credit Card,8.0
2021-04-17,66+,NC,Male,Middle,PPC,Clothing,T-Shirts,Nike,Sportswear,38.0,25.0,3.0,13.0,115.0,11.0,30.0,Digital Wallet,5.0
2021-04-17,26-35,CA,Male,High,Others,Electronics,Laptops,Apple Laptop,MacBook Pro M3,1933.0,1500.0,2.0,4.0,3867.0,19.0,848.0,Digital Wallet,4.0
2021-04-17,46-55,MI,Female,High,Organic,Electronics,Laptops,Apple Laptop,MacBook Pro M2,1322.0,1200.0,2.0,9.0,2643.0,23.0,220.0,Digital Wallet,4.0
2021-04-17,36-45,CA,Other,Middle,Email,Beauty,Makeup,Revlon,PhotoReady Concealer,15.0,12.0,7.0,11.0,103.0,5.0,14.0,Digital Wallet,5.0
2021-04-17,26-35,MI,Female,Middle,Organic,Beauty,Skincare,Neutrogena,Hydro Boost Gel,21.0,20.0,3.0,17.0,63.0,7.0,-5.0,Debit Card,5.0
2021-04-17,36-45,NY,Male,Middle,Organic,Beauty,Makeup,Revlon,PhotoReady Concealer,18.0,12.0,1.0,13.0,18.0,6.0,-1.0,Credit Card,3.0
2021-04-17,26-35,TX,Other,High,Affiliates,Electronics,Laptops,HP,Envy,882.0,700.0,2.0,8.0,1763.0,21.0,342.0,Digital Wallet,5.0
2021-04-17,26-35,FL,Male,Middle,Email,Electronics,Smartphones,Apple,iPhone 14,912.0,700.0,16.0,14.0,14595.0,84.0,3311.0,Digital Wallet,11.0
2021-04-17,26-35,NY,Male,Low,Email,Home,Beds,Tempur-Pedic,Contour Elite,2071.0,1700.0,16.0,2.0,33141.0,199.0,5743.0,Digital Wallet,11.0
2021-04-17,26-35,IL,Male,Low,Affiliates,Beauty,Makeup,Maybelline,Lash Sensational Mascara,15.0,10.0,2.0,13.0,30.0,6.0,4.0,Digital Wallet,5.0
2021-04-17,36-45,OH,Other,Low,Affiliates,Electronics,Smartphones,Samsung,Galaxy S21,781.0,500.0,2.0,5.0,1561.0,14.0,547.0,Credit Card,4.0
2021-04-17,46-55,NY,Male,Middle,App,Electronics,Laptops,Dell,XPS,1573.0,1300.0,2.0,9.0,3146.0,24.0,522.0,Credit Card,5.0
2021-04-17,56-65,OH,Male,Middle,Organic,Clothing,Jeans,Wrangler,Regular Fit,53.0,35.0,3.0,15.0,158.0,8.0,44.0,Debit Card,4.0
2021-04-17,26-35,PA,Female,Middle,Affiliates,Electronics,Smartphones,Apple,iPhone 15,993.0,800.0,1.0,11.0,993.0,10.0,183.0,Credit Card,4.0
2021-04-17,18-25,MI,Male,Middle,Others,Home,Furniture,IKEA,Kallax Shelf,79.0,60.0,1.0,1.0,79.0,16.0,2.0,Credit Card,6.0
2021-04-17,66+,TX,Male,Low,Email,Electronics,Smartphones,Apple,iPhone SE,573.0,400.0,1.0,10.0,573.0,8.0,165.0,Digital Wallet,3.0
2021-04-17,36-45,CA,Female,Middle,Affiliates,Clothing,Jeans,Wrangler,Regular Fit,52.0,35.0,1.0,18.0,52.0,3.0,14.0,Credit Card,5.0
2021-04-17,36-45,GA,Male,High,App,Electronics,Smartphones,Samsung,Galaxy S21,657.0,500.0,3.0,11.0,1971.0,19.0,453.0,Credit Card,4.0
2021-04-17,26-35,TX,Male,Low,Organic,Clothing,Jeans,Levis,Slim Fit,55.0,50.0,3.0,18.0,165.0,8.0,7.0,Credit Card,4.0
2021-04-17,26-35,PA,Female,Low,Others,Beauty,Skincare,Neutrogena,Oil-Free Acne Wash,17.0,15.0,5.0,17.0,87.0,7.0,5.0,Debit Card,7.0
2021-04-17,56-65,PA,Female,Middle,App,Electronics,Smartphones,Apple,iPhone SE,536.0,400.0,2.0,12.0,1072.0,15.0,256.0,Digital Wallet,4.0
2021-04-17,26-35,NY,Male,High,Organic,Beauty,Makeup,Maybelline,Fit Me Foundation,18.0,15.0,7.0,5.0,126.0,10.0,11.0,Debit Card,7.0
2021-04-17,36-45,TX,Male,Middle,Email,Electronics,Smartphones,Apple,iPhone SE,530.0,400.0,1.0,13.0,530.0,8.0,121.0,BNPL,3.0
2021-04-17,36-45,TX,Male,High,Others,Electronics,Smartphones,Samsung,Galaxy A32,355.0,250.0,2.0,7.0,709.0,14.0,195.0,Debit Card,4.0
2021-04-17,36-45,IL,Female,Low,PPC,Clothing,Jeans,Levis,501 Original,74.0,60.0,2.0,16.0,147.0,8.0,19.0,Digital Wallet,6.0
2021-04-17,56-65,TX,Male,Middle,Organic,Electronics,Smartphones,Apple,iPhone 15,1066.0,800.0,3.0,7.0,3199.0,20.0,780.0,Debit Card,6.0
2021-04-17,26-35,CA,Other,Middle,Affiliates,Electronics,Smartphones,Samsung,Galaxy S21,803.0,500.0,2.0,6.0,1606.0,12.0,594.0,Digital Wallet,5.0
2021-04-17,56-65,CA,Male,Middle,Affiliates,Home,Beds,Serta,Perfect Sleeper,954.0,750.0,2.0,3.0,1908.0,28.0,380.0,Debit Card,4.0
2021-04-17,36-45,OH,Male,Middle,App,Electronics,Smartphones,Samsung,Galaxy S21,760.0,500.0,1.0,7.0,760.0,9.0,252.0,Digital Wallet,4.0
2021-04-17,26-35,OH,Male,Low,Organic,Electronics,Laptops,Apple Laptop,MacBook Air M2,1243.0,1000.0,1.0,6.0,1243.0,12.0,231.0,Credit Card,5.0
2021-04-17,56-65,CA,Male,Low,Email,Clothing,T-Shirts,Nike,Dry-FIT,28.0,20.0,6.0,10.0,166.0,7.0,38.0,Credit Card,5.0
2021-04-17,66+,FL,Female,Middle,App,Electronics,Smartphones,Apple,iPhone 15,1029.0,800.0,2.0,8.0,2058.0,15.0,443.0,Debit Card,4.0
2021-04-17,26-35,TX,Female,Middle,Organic,Beauty,Makeup,Maybelline,Fit Me Foundation,21.0,15.0,5.0,12.0,104.0,5.0,23.0,Credit Card,6.0
2021-04-17,36-45,CA,Male,Middle,Others,Home,Furniture,IKEA,Billy Bookcase,125.0,100.0,2.0,1.0,250.0,23.0,26.0,Credit Card,3.0
2021-04-17,46-55,FL,Other,High,App,Beauty,Skincare,Neutrogena,Hydro Boost Gel,23.0,20.0,5.0,18.0,114.0,7.0,7.0,Digital Wallet,5.0
2021-04-17,66+,NC,Female,Middle,Others,Electronics,Smartphones,Apple,iPhone 14,946.0,700.0,9.0,11.0,8514.0,52.0,2161.0,Credit Card,9.0
2021-04-17,46-55,TX,Other,Low,Email,Electronics,Smartphones,Apple,iPhone 14,896.0,700.0,3.0,14.0,2689.0,20.0,569.0,Digital Wallet,6.0
2021-04-17,26-35,MI,Female,Middle,Organic,Home,Beds,Tempur-Pedic,Cloud Supreme,2212.0,1800.0,2.0,2.0,4425.0,32.0,792.0,Debit Card,6.0
2021-04-17,26-35,FL,Male,Middle,Others,Electronics,Smartphones,Samsung,Galaxy S21,600.0,500.0,1.0,14.0,600.0,9.0,91.0,Debit Card,4.0
2021-04-17,26-35,TX,Male,High,App,Beauty,Makeup,Maybelline,Fit Me Foundation,26.0,15.0,1.0,12.0,26.0,3.0,8.0,Digital Wallet,4.0
2021-04-17,36-45,NC,Other,Low,Others,Clothing,Jeans,Levis,Slim Fit,67.0,50.0,1.0,20.0,67.0,8.0,9.0,Credit Card,4.0
2021-04-17,26-35,PA,Male,Middle,Organic,Clothing,Jeans,Levis,Slim Fit,51.0,50.0,2.0,22.0,103.0,7.0,-5.0,Debit Card,3.0
2021-04-17,36-45,NY,Male,High,PPC,Electronics,Smartphones,Apple,iPhone 14,919.0,700.0,2.0,14.0,1837.0,17.0,420.0,BNPL,4.0
2021-04-17,18-25,GA,Male,Middle,Organic,Electronics,Smartphones,Samsung,Galaxy A32,377.0,250.0,1.0,11.0,377.0,7.0,120.0,Digital Wallet,4.0
2021-04-17,46-55,NY,Male,Middle,PPC,Clothing,Jeans,Wrangler,Authentics,33.0,30.0,2.0,22.0,67.0,9.0,-2.0,Digital Wallet,3.0
2021-04-17,66+,PA,Female,Middle,Others,Home,Beds,Serta,Perfect Sleeper,968.0,750.0,1.0,4.0,968.0,18.0,201.0,Digital Wallet,5.0
2021-04-17,36-45,CA,Male,Low,Organic,Electronics,Smartphones,Samsung,Galaxy S21,751.0,500.0,3.0,8.0,2253.0,18.0,735.0,Digital Wallet,5.0
2021-04-17,18-25,IL,Male,Low,Organic,Home,Beds,Tempur-Pedic,Contour Elite,2170.0,1700.0,1.0,1.0,2170.0,18.0,452.0,Debit Card,4.0
2021-04-17,26-35,CA,Female,Middle,Organic,Home,Furniture,IKEA,Billy Bookcase,150.0,100.0,2.0,3.0,300.0,23.0,76.0,Digital Wallet,5.0
2021-04-17,36-45,MI,Other,Low,App,Electronics,Laptops,Apple Laptop,MacBook Air M1,1094.0,900.0,1.0,6.0,1094.0,14.0,179.0,Digital Wallet,5.0
2021-04-17,18-25,MI,Female,High,Email,Home,Furniture,Ashley Furniture,Dining Table,331.0,200.0,2.0,3.0,663.0,28.0,235.0,Credit Card,5.0
2021-04-17,46-55,CA,Other,Middle,PPC,Beauty,Skincare,Neutrogena,Hydro Boost Gel,21.0,20.0,2.0,17.0,42.0,3.0,-1.0,Digital Wallet,3.0
2021-04-17,66+,MI,Female,Low,Affiliates,Beauty,Skincare,Neutrogena,Rapid Wrinkle Repair,26.0,20.0,5.0,12.0,128.0,8.0,20.0,BNPL,6.0
2021-04-17,36-45,NY,Male,Middle,Email,Home,Furniture,IKEA,Billy Bookcase,110.0,100.0,1.0,2.0,110.0,17.0,-7.0,Credit Card,5.0
2021-04-17,26-35,NY,Female,Low,Email,Home,Furniture,Ashley Furniture,Bed Frame,258.0,100.0,1.0,1.0,258.0,17.0,141.0,Credit Card,5.0
2021-04-17,18-25,NY,Female,Middle,PPC,Home,Furniture,Ashley Furniture,Sofa,444.0,300.0,2.0,2.0,889.0,28.0,260.0,Credit Card,6.0
2021-04-17,36-45,TX,Female,Low,Organic,Beauty,Makeup,Maybelline,Lash Sensational Mascara,14.0,10.0,1.0,14.0,14.0,3.0,1.0,Credit Card,3.0
2021-04-17,46-55,NY,Female,High,PPC,Electronics,Smartphones,Samsung,Galaxy S21,688.0,500.0,2.0,14.0,1375.0,17.0,358.0,BNPL,5.0
2021-04-17,18-25,CA,Female,High,Organic,Beauty,Makeup,Maybelline,Lash Sensational Mascara,15.0,10.0,1.0,13.0,15.0,3.0,2.0,Digital Wallet,3.0
2021-04-17,36-45,FL,Other,Middle,App,Home,Furniture,Ashley Furniture,Bed Frame,267.0,100.0,1.0,1.0,267.0,15.0,152.0,Digital Wallet,6.0
2021-04-17,56-65,PA,Female,High,PPC,Electronics,Laptops,Dell,Inspiron,866.0,600.0,1.0,4.0,866.0,13.0,253.0,Debit Card,4.0
2021-04-17,26-35,PA,Female,Middle,PPC,Home,Furniture,IKEA,Billy Bookcase,143.0,100.0,2.0,3.0,286.0,27.0,59.0,Debit Card,5.0
2021-04-17,36-45,GA,Male,Middle,Affiliates,Electronics,Smartphones,Apple,iPhone 14,954.0,700.0,2.0,6.0,1908.0,13.0,495.0,Digital Wallet,4.0
2021-04-17,18-25,NC,Female,High,Email,Beauty,Makeup,Maybelline,Lash Sensational Mascara,12.0,10.0,1.0,7.0,12.0,7.0,-6.0,Digital Wallet,4.0
2021-04-17,36-45,NY,Female,Middle,App,Electronics,Laptops,Apple Laptop,MacBook Pro M3,1870.0,1500.0,2.0,2.0,3739.0,24.0,715.0,Digital Wallet,5.0
2021-04-17,56-65,MI,Male,Low,App,Home,Beds,Tempur-Pedic,Cloud Supreme,2078.0,1800.0,2.0,4.0,4156.0,32.0,523.0,Debit Card,4.0
2021-04-17,36-45,CA,Other,Low,App,Beauty,Makeup,Maybelline,Fit Me Foundation,21.0,15.0,6.0,10.0,125.0,4.0,31.0,Digital Wallet,5.0
2021-04-17,56-65,NY,Female,Low,Organic,Electronics,Smartphones,Samsung,Galaxy Z Fold 5,1721.0,1500.0,2.0,10.0,3441.0,17.0,424.0,Credit Card,5.0
2021-04-17,26-35,FL,Female,Middle,Affiliates,Home,Beds,Tempur-Pedic,Cloud Supreme,2114.0,1800.0,1.0,3.0,2114.0,17.0,297.0,Credit Card,3.0
2021-04-17,18-25,CA,Other,High,App,Electronics,Smartphones,Apple,iPhone SE,560.0,400.0,1.0,9.0,560.0,6.0,154.0,Credit Card,2.0
2021-04-17,18-25,TX,Male,Low,Affiliates,Clothing,Jeans,Levis,501 Original,75.0,60.0,1.0,15.0,75.0,4.0,11.0,Debit Card,4.0
2021-04-17,46-55,CA,Male,Middle,Email,Electronics,Smartphones,Samsung,Galaxy S21,769.0,500.0,1.0,5.0,769.0,6.0,263.0,Credit Card,4.0
2021-04-17,26-35,CA,Male,Middle,Affiliates,Electronics,Smartphones,Apple,iPhone 15,962.0,800.0,1.0,14.0,962.0,6.0,156.0,Credit Card,2.0
2021-04-17,18-25,CA,Male,Low,PPC,Electronics,Smartphones,Apple,iPhone SE,567.0,400.0,3.0,10.0,1701.0,18.0,484.0,Credit Card,6.0
2021-04-17,36-45,OH,Female,Middle,Organic,Beauty,Makeup,Revlon,ColorStay Lipstick,23.0,15.0,7.0,9.0,160.0,7.0,48.0,Credit Card,6.0
2021-04-17,46-55,IL,Female,Low,Affiliates,Clothing,T-Shirts,Nike,Sportswear,34.0,25.0,3.0,16.0,103.0,9.0,19.0,Debit Card,5.0
2021-04-17,18-25,OH,Other,High,Email,Electronics,Laptops,Apple Laptop,MacBook Air M1,1000.0,900.0,1.0,4.0,1000.0,12.0,88.0,BNPL,4.0
2021-04-17,18-25,IL,Female,Middle,PPC,Electronics,Smartphones,Apple,iPhone 14,951.0,700.0,2.0,11.0,1903.0,16.0,487.0,Debit Card,4.0
2021-04-17,36-45,PA,Female,Middle,Others,Electronics,Smartphones,Samsung,Galaxy Z Fold 5,1774.0,1500.0,2.0,8.0,3549.0,15.0,533.0,Debit Card,6.0
2021-04-17,26-35,CA,Male,Low,App,Beauty,Makeup,Maybelline,Lash Sensational Mascara,11.0,10.0,16.0,10.0,173.0,10.0,3.0,Digital Wallet,18.0
2021-04-17,66+,FL,Female,Middle,Email,Electronics,Laptops,HP,Envy,924.0,700.0,1.0,4.0,924.0,13.0,211.0,Debit Card,3.0
2021-04-17,36-45,CA,Other,Low,Others,Electronics,Smartphones,Apple,iPhone 15,1027.0,800.0,2.0,10.0,2053.0,12.0,441.0,Debit Card,4.0
2021-04-17,26-35,NC,Female,High,App,Beauty,Makeup,Maybelline,Lash Sensational Mascara,14.0,10.0,6.0,6.0,83.0,10.0,13.0,Debit Card,7.0
2021-04-17,36-45,FL,Other,Middle,App,Electronics,Smartphones,Apple,iPhone 14,984.0,700.0,1.0,6.0,984.0,9.0,275.0,Debit Card,4.0
2021-04-17,56-65,TX,Other,Low,App,Electronics,Laptops,Dell,XPS,1584.0,1300.0,2.0,5.0,3168.0,21.0,547.0,Digital Wallet,5.0
2021-04-17,46-55,MI,Male,Low,Organic,Home,Beds,Serta,Perfect Sleeper,968.0,750.0,1.0,3.0,968.0,19.0,200.0,Credit Card,4.0
2021-04-17,56-65,PA,Male,Middle,Affiliates,Electronics,Smartphones,Samsung,Galaxy Z Fold 5,1779.0,1500.0,3.0,11.0,5338.0,21.0,817.0,Credit Card,6.0
2021-04-17,56-65,MI,Male,Middle,App,Clothing,T-Shirts,Nike,Dry-FIT,30.0,20.0,3.0,13.0,90.0,9.0,21.0,Credit Card,4.0
2021-04-17,18-25,TX,Male,High,App,Electronics,Smartphones,Apple,iPhone 14,994.0,700.0,1.0,5.0,994.0,8.0,286.0,Digital Wallet,4.0
2021-04-17,18-25,GA,Female,Middle,Others,Home,Furniture,IKEA,Kallax Shelf,84.0,60.0,2.0,2.0,168.0,24.0,23.0,Digital Wallet,7.0
2021-04-17,66+,IL,Male,Low,Email,Home,Furniture,IKEA,Billy Bookcase,140.0,100.0,2.0,4.0,281.0,27.0,53.0,Debit Card,5.0
2021-04-17,18-25,MI,Female,High,App,Beauty,Makeup,Maybelline,Fit Me Foundation,20.0,15.0,6.0,12.0,121.0,8.0,22.0,Digital Wallet,5.0
2021-04-17,18-25,FL,Female,High,Organic,Home,Beds,Serta,Perfect Sleeper,950.0,750.0,2.0,4.0,1899.0,31.0,368.0,Digital Wallet,5.0
2021-04-17,56-65,NY,Male,Middle,Others,Home,Beds,Tempur-Pedic,Cloud Supreme,2070.0,1800.0,1.0,3.0,2070.0,19.0,250.0,Credit Card,6.0
2021-04-17,36-45,GA,Male,Middle,App,Home,Furniture,IKEA,Billy Bookcase,168.0,100.0,2.0,1.0,337.0,24.0,112.0,Debit Card,6.0
2021-04-17,66+,NY,Female,Low,Email,Electronics,Laptops,HP,Pavilion,835.0,600.0,2.0,2.0,1669.0,24.0,445.0,Digital Wallet,6.0
2021-04-17,46-55,FL,Male,Middle,Organic,Electronics,Laptops,Apple Laptop,MacBook Air M1,1154.0,900.0,2.0,8.0,2308.0,22.0,486.0,Credit Card,5.0
2021-04-17,18-25,NC,Female,Middle,Organic,Beauty,Makeup,Maybelline,Lash Sensational Mascara,14.0,10.0,1.0,8.0,14.0,7.0,-3.0,Credit Card,4.0
2021-04-17,26-35,GA,Female,High,App,Electronics,Smartphones,Samsung,Galaxy S21,689.0,500.0,2.0,5.0,1379.0,13.0,366.0,Debit Card,4.0
2021-04-17,66+,TX,Male,High,Organic,Beauty,Makeup,Maybelline,Fit Me Foundation,20.0,15.0,7.0,11.0,137.0,7.0,25.0,Credit Card,5.0
2021-04-17,66+,TX,Female,High,App,Clothing,T-Shirts,Adidas,Performance,58.0,45.0,2.0,15.0,116.0,5.0,20.0,Digital Wallet,3.0
2021-04-17,36-45,TX,Male,Low,Others,Home,Beds,Serta,Perfect Sleeper,960.0,750.0,2.0,4.0,1919.0,30.0,389.0,Debit Card,5.0
2021-04-17,56-65,NY,Male,Middle,Affiliates,Electronics,Smartphones,Samsung,Galaxy S21,704.0,500.0,1.0,13.0,704.0,11.0,193.0,Credit Card,4.0
2021-04-17,36-45,CA,Male,Middle,Email,Clothing,Jeans,Levis,Slim Fit,59.0,50.0,1.0,21.0,59.0,3.0,6.0,Digital Wallet,3.0
2021-04-17,18-25,PA,Other,High,App,Home,Furniture,IKEA,Billy Bookcase,161.0,100.0,5.0,2.0,804.0,50.0,254.0,Debit Card,8.0
2021-04-17,46-55,CA,Female,High,Organic,Electronics,Laptops,Dell,XPS,1622.0,1300.0,2.0,2.0,3245.0,19.0,626.0,Credit Card,4.0
2021-04-17,36-45,PA,Male,Low,App,Electronics,Smartphones,Apple,iPhone 14,906.0,700.0,2.0,14.0,1812.0,15.0,396.0,Credit Card,3.0
2021-04-17,36-45,FL,Female,Middle,Affiliates,Electronics,Laptops,Apple Laptop,MacBook Pro M3,1839.0,1500.0,1.0,9.0,1839.0,13.0,326.0,Digital Wallet,6.0
2021-04-17,46-55,MI,Male,Low,Organic,Clothing,T-Shirts,Nike,Dry-FIT,24.0,20.0,3.0,14.0,72.0,9.0,3.0,Credit Card,5.0
2021-04-17,66+,CA,Other,Middle,Email,Home,Beds,Tempur-Pedic,Contour Elite,1921.0,1700.0,2.0,4.0,3842.0,28.0,414.0,Credit Card,3.0
2021-04-17,26-35,FL,Male,Middle,Email,Electronics,Laptops,Apple Laptop,MacBook Pro M3,1744.0,1500.0,2.0,9.0,3488.0,22.0,466.0,Debit Card,4.0
2021-04-17,66+,IL,Female,Low,Affiliates,Beauty,Makeup,Maybelline,Lash Sensational Mascara,13.0,10.0,6.0,6.0,81.0,8.0,13.0,Debit Card,6.0
2021-04-17,26-35,OH,Other,High,Others,Beauty,Makeup,Maybelline,Fit Me Foundation,17.0,15.0,5.0,11.0,84.0,6.0,3.0,Debit Card,5.0
2021-04-17,46-55,IL,Other,Low,Organic,Home,Furniture,Ashley Furniture,Bed Frame,252.0,100.0,1.0,1.0,252.0,16.0,137.0,Digital Wallet,5.0
2021-04-17,46-55,CA,Male,High,App,Electronics,Smartphones,Apple,iPhone 15,1047.0,800.0,2.0,10.0,2093.0,12.0,481.0,Digital Wallet,4.0
2021-04-17,26-35,PA,Other,Middle,Affiliates,Clothing,T-Shirts,Nike,Dry-FIT,24.0,20.0,3.0,18.0,72.0,8.0,4.0,Debit Card,5.0
2021-04-17,18-25,NY,Male,High,Affiliates,Electronics,Laptops,Apple Laptop,MacBook Air M2,1279.0,1000.0,2.0,8.0,2558.0,24.0,534.0,Debit Card,5.0
2021-04-17,66+,OH,Other,Middle,Organic,Home,Furniture,Ashley Furniture,Sofa,442.0,300.0,2.0,1.0,884.0,26.0,258.0,Credit Card,4.0
2021-04-17,36-45,GA,Female,Middle,App,Electronics,Smartphones,Samsung,Galaxy S21,691.0,500.0,3.0,11.0,2074.0,19.0,555.0,Digital Wallet,5.0
2021-04-17,18-25,MI,Other,High,App,Electronics,Smartphones,Apple,iPhone 15,1054.0,800.0,2.0,9.0,2109.0,16.0,492.0,Credit Card,5.0
2021-04-17,66+,IL,Female,High,Affiliates,Electronics,Laptops,Apple Laptop,MacBook Pro M2,1368.0,1200.0,1.0,4.0,1368.0,14.0,154.0,Digital Wallet,5.0
2021-04-17,46-55,NC,Female,Middle,Organic,Home,Furniture,Ashley Furniture,Sofa,439.0,300.0,1.0,4.0,439.0,18.0,121.0,Digital Wallet,6.0
2021-04-17,56-65,TX,Other,High,Email,Beauty,Makeup,Revlon,ColorStay Lipstick,22.0,15.0,5.0,5.0,110.0,5.0,30.0,Digital Wallet,5.0
2021-04-17,36-45,NC,Female,Middle,Others,Electronics,Smartphones,Apple,iPhone SE,516.0,400.0,1.0,14.0,516.0,12.0,104.0,Debit Card,5.0
2021-04-17,46-55,NY,Female,Low,App,Electronics,Smartphones,Apple,iPhone 15,1096.0,800.0,1.0,7.0,1096.0,11.0,285.0,Debit Card,5.0
2021-04-17,46-55,NY,Other,Low,Email,Home,Furniture,IKEA,Kallax Shelf,87.0,60.0,1.0,2.0,87.0,17.0,10.0,Debit Card,6.0
2021-04-17,26-35,CA,Male,Low,Others,Home,Beds,Serta,iComfort,2440.0,1900.0,2.0,4.0,4880.0,28.0,1052.0,Credit Card,4.0
2021-04-17,36-45,GA,Male,Low,App,Beauty,Skincare,Neutrogena,Rapid Wrinkle Repair,26.0,20.0,2.0,17.0,53.0,3.0,10.0,Debit Card,5.0
2021-04-17,36-45,NY,Male,Low,App,Home,Furniture,IKEA,Kallax Shelf,74.0,60.0,2.0,2.0,147.0,28.0,-1.0,Credit Card,7.0
2021-04-17,36-45,NC,Other,High,Organic,Home,Furniture,Ashley Furniture,Sofa,473.0,300.0,2.0,2.0,946.0,29.0,316.0,Credit Card,8.0
2021-04-17,56-65,IL,Male,Low,Email,Home,Furniture,IKEA,Billy Bookcase,172.0,100.0,2.0,4.0,345.0,27.0,117.0,BNPL,5.0
2021-04-17,36-45,MI,Female,Middle,App,Home,Furniture,IKEA,Kallax Shelf,83.0,60.0,1.0,4.0,83.0,16.0,7.0,Credit Card,5.0
2021-04-17,46-55,NC,Female,Low,Email,Electronics,Smartphones,Samsung,Galaxy S21,656.0,500.0,2.0,12.0,1311.0,18.0,293.0,Credit Card,6.0
2021-04-17,56-65,PA,Male,Middle,Organic,Home,Beds,Serta,Perfect Sleeper,961.0,750.0,1.0,2.0,961.0,18.0,193.0,Credit Card,6.0
2021-04-17,26-35,CA,Female,Low,Affiliates,Home,Beds,Tempur-Pedic,Contour Elite,2001.0,1700.0,1.0,3.0,2001.0,14.0,287.0,Credit Card,4.0
2021-04-17,26-35,NY,Male,Middle,Organic,Electronics,Smartphones,Samsung,Galaxy S21,630.0,500.0,2.0,10.0,1260.0,17.0,243.0,Digital Wallet,5.0
2021-04-17,46-55,MI,Other,Middle,Affiliates,Electronics,Laptops,Apple Laptop,MacBook Air M2,1320.0,1000.0,1.0,7.0,1320.0,14.0,306.0,BNPL,5.0
2021-04-17,46-55,PA,Male,Middle,Email,Home,Furniture,IKEA,Billy Bookcase,169.0,100.0,1.0,1.0,169.0,15.0,53.0,Digital Wallet,6.0
2021-04-17,18-25,IL,Male,Middle,App,Beauty,Makeup,Revlon,ColorStay Lipstick,21.0,15.0,2.0,5.0,42.0,6.0,6.0,Debit Card,5.0
2021-04-17,26-35,PA,Male,Middle,Others,Beauty,Makeup,Maybelline,Lash Sensational Mascara,16.0,10.0,7.0,8.0,109.0,8.0,31.0,BNPL,5.0
2021-04-17,56-65,PA,Female,Middle,PPC,Electronics,Laptops,Apple Laptop,MacBook Air M2,1245.0,1000.0,2.0,2.0,2489.0,22.0,467.0,Digital Wallet,5.0
2021-04-17,36-45,CA,Male,High,PPC,Home,Furniture,Ashley Furniture,Sofa,434.0,300.0,2.0,2.0,867.0,23.0,244.0,Digital Wallet,4.0
2021-04-17,18-25,PA,Female,Low,Email,Home,Furniture,IKEA,Kallax Shelf,69.0,60.0,13.0,3.0,897.0,130.0,-13.0,Digital Wallet,10.0
2021-04-17,18-25,TX,Male,Low,Organic,Electronics,Laptops,Apple Laptop,MacBook Air M2,1246.0,1000.0,1.0,5.0,1246.0,12.0,234.0,Digital Wallet,3.0
2021-04-17,18-25,GA,Female,High,Organic,Home,Furniture,IKEA,Billy Bookcase,92.0,100.0,1.0,3.0,92.0,13.0,-21.0,Digital Wallet,4.0
2021-04-17,36-45,TX,Female,High,App,Home,Furniture,Ashley Furniture,Dining Table,338.0,200.0,2.0,3.0,676.0,25.0,251.0,Debit Card,5.0
2021-04-17,18-25,FL,Female,High,Organic,Home,Furniture,IKEA,Billy Bookcase,137.0,100.0,2.0,4.0,274.0,26.0,48.0,Credit Card,6.0
2021-04-17,26-35,NC,Female,Low,Others,Beauty,Makeup,Maybelline,Fit Me Foundation,20.0,15.0,3.0,7.0,60.0,9.0,7.0,BNPL,5.0
2021-04-17,26-35,GA,Other,Middle,Email,Beauty,Makeup,Revlon,ColorStay Lipstick,18.0,15.0,7.0,11.0,125.0,6.0,14.0,Digital Wallet,7.0
2021-04-17,36-45,FL,Female,Low,Others,Home,Furniture,IKEA,Billy Bookcase,146.0,100.0,2.0,1.0,291.0,26.0,65.0,Credit Card,5.0
2021-04-17,56-65,TX,Male,Middle,Email,Beauty,Skincare,Neutrogena,Rapid Wrinkle Repair,24.0,20.0,3.0,16.0,71.0,5.0,6.0,Credit Card,4.0
2021-04-17,66+,NY,Male,Middle,Others,Beauty,Makeup,Maybelline,Fit Me Foundation,20.0,15.0,1.0,14.0,20.0,6.0,-1.0,Digital Wallet,2.0
2021-04-17,18-25,PA,Female,Middle,PPC,Electronics,Laptops,Dell,XPS,1652.0,1300.0,2.0,4.0,3304.0,22.0,682.0,Debit Card,4.0
2021-04-17,26-35,PA,Female,Low,Email,Electronics,Smartphones,Apple,iPhone 15,1118.0,800.0,2.0,5.0,2235.0,15.0,620.0,Digital Wallet,5.0
2021-04-17,18-25,FL,Female,Low,Others,Home,Beds,Tempur-Pedic,Contour Elite,1951.0,1700.0,2.0,3.0,3902.0,31.0,471.0,Debit Card,4.0
2021-04-17,26-35,MI,Male,Middle,Organic,Home,Furniture,Ashley Furniture,Dining Table,317.0,200.0,1.0,4.0,317.0,16.0,100.0,Digital Wallet,4.0
2021-04-17,36-45,TX,Other,Middle,Others,Electronics,Smartphones,Apple,iPhone 15,1079.0,800.0,1.0,8.0,1079.0,8.0,270.0,Digital Wallet,5.0
2021-04-17,36-45,FL,Female,High,Affiliates,Clothing,Jeans,Wrangler,Authentics,42.0,30.0,3.0,17.0,125.0,9.0,26.0,Credit Card,12.0
2021-04-17,56-65,TX,Female,Low,Email,Electronics,Smartphones,Apple,iPhone 14,958.0,700.0,3.0,7.0,2873.0,20.0,753.0,Digital Wallet,3.0
2021-04-17,18-25,NY,Female,High,PPC,Electronics,Laptops,Apple Laptop,MacBook Pro M3,1819.0,1500.0,1.0,5.0,1819.0,15.0,304.0,Credit Card,4.0
2021-04-17,18-25,IL,Male,Low,Email,Electronics,Laptops,HP,Envy,937.0,700.0,1.0,2.0,937.0,14.0,223.0,Digital Wallet,5.0
2021-04-17,36-45,CA,Female,High,App,Electronics,Smartphones,Apple,iPhone 14,939.0,700.0,3.0,7.0,2816.0,18.0,698.0,Debit Card,5.0
2021-04-17,36-45,CA,Female,Middle,Others,Clothing,Jeans,Wrangler,Regular Fit,42.0,35.0,1.0,22.0,42.0,3.0,4.0,BNPL,2.0
2021-04-17,18-25,OH,Female,Low,Others,Home,Beds,Serta,iComfort,2452.0,1900.0,1.0,3.0,2452.0,17.0,535.0,Digital Wallet,4.0
2021-04-17,56-65,FL,Male,High,Organic,Clothing,T-Shirts,Adidas,Performance,67.0,45.0,6.0,12.0,405.0,10.0,124.0,Digital Wallet,6.0
2021-04-17,46-55,CA,Female,High,Organic,Beauty,Makeup,Maybelline,Lash Sensational Mascara,14.0,10.0,3.0,10.0,43.0,3.0,10.0,Digital Wallet,6.0
2021-04-17,18-25,CA,Male,Middle,PPC,Clothing,Jeans,Wrangler,Authentics,40.0,30.0,1.0,15.0,40.0,3.0,7.0,Credit Card,3.0
2021-04-17,36-45,FL,Other,Low,Email,Clothing,T-Shirts,Nike,Sportswear,33.0,25.0,5.0,17.0,165.0,9.0,31.0,Credit Card,5.0
2021-04-17,36-45,GA,Female,Low,Email,Home,Beds,Tempur-Pedic,Contour Elite,2112.0,1700.0,1.0,1.0,2112.0,15.0,396.0,Digital Wallet,4.0
2021-04-17,18-25,OH,Male,Middle,PPC,Home,Furniture,Ashley Furniture,Dining Table,341.0,200.0,2.0,1.0,681.0,26.0,255.0,Debit Card,5.0
2021-04-17,26-35,NC,Other,Middle,Organic,Home,Beds,Serta,iComfort,2352.0,1900.0,1.0,3.0,2352.0,20.0,432.0,BNPL,5.0
2021-04-17,26-35,CA,Male,Low,Affiliates,Clothing,Jeans,Levis,501 Original,75.0,60.0,2.0,17.0,150.0,4.0,26.0,Digital Wallet,4.0
2021-04-17,66+,CA,Male,Middle,Others,Beauty,Makeup,Maybelline,Lash Sensational Mascara,15.0,10.0,5.0,10.0,73.0,3.0,20.0,BNPL,5.0
2021-04-17,26-35,FL,Male,Low,App,Clothing,Jeans,Levis,Bootcut,93.0,100.0,12.0,21.0,1114.0,21.0,-107.0,Digital Wallet,9.0
2021-04-17,56-65,FL,Male,Middle,Affiliates,Electronics,Smartphones,Samsung,Galaxy S21,751.0,500.0,3.0,7.0,2253.0,21.0,733.0,Digital Wallet,4.0
2021-04-17,56-65,NY,Other,Middle,PPC,Beauty,Makeup,Maybelline,Lash Sensational Mascara,12.0,10.0,3.0,9.0,35.0,8.0,-2.0,Credit Card,5.0
2021-04-17,18-25,TX,Female,Low,PPC,Home,Beds,Serta,Perfect Sleeper,982.0,750.0,2.0,3.0,1964.0,30.0,434.0,Digital Wallet,5.0
2021-04-17,56-65,CA,Male,Middle,App,Home,Beds,Tempur-Pedic,Contour Elite,2044.0,1700.0,2.0,2.0,4087.0,28.0,659.0,Digital Wallet,6.0
2021-04-17,26-35,TX,Male,Middle,Organic,Home,Furniture,Ashley Furniture,Dining Table,375.0,200.0,1.0,4.0,375.0,14.0,161.0,Digital Wallet,4.0
2021-04-17,56-65,CA,Female,High,Others,Electronics,Smartphones,Samsung,Galaxy A32,302.0,250.0,3.0,11.0,907.0,18.0,139.0,Debit Card,4.0
2021-04-17,56-65,GA,Other,Low,Email,Clothing,T-Shirts,Nike,Sportswear,37.0,25.0,3.0,10.0,110.0,6.0,30.0,Credit Card,6.0
2021-04-17,46-55,TX,Male,Middle,Others,Beauty,Makeup,Maybelline,Lash Sensational Mascara,16.0,10.0,7.0,11.0,115.0,7.0,39.0,BNPL,6.0
2021-04-17,26-35,FL,Female,Middle,Email,Electronics,Laptops,Apple Laptop,MacBook Air M2,1233.0,1000.0,1.0,7.0,1233.0,13.0,220.0,Credit Card,14.0
2021-04-17,46-55,OH,Other,Middle,Organic,Home,Furniture,IKEA,Kallax Shelf,90.0,60.0,2.0,1.0,180.0,26.0,34.0,BNPL,5.0
2021-04-17,18-25,MI,Male,Middle,Others,Electronics,Smartphones,Apple,iPhone SE,569.0,400.0,2.0,8.0,1138.0,16.0,321.0,Debit Card,5.0
2021-04-17,46-55,TX,Other,Middle,Email,Home,Furniture,Ashley Furniture,Sofa,442.0,300.0,2.0,2.0,884.0,25.0,258.0,Credit Card,6.0
2021-04-17,36-45,IL,Male,High,App,Beauty,Makeup,Maybelline,Fit Me Foundation,18.0,15.0,6.0,10.0,105.0,8.0,8.0,Digital Wallet,7.0
2021-04-17,36-45,OH,Male,Middle,Organic,Clothing,T-Shirts,Nike,Dry-FIT,25.0,20.0,6.0,17.0,149.0,10.0,19.0,Credit Card,6.0
2021-04-17,56-65,PA,Female,Low,PPC,Home,Beds,Tempur-Pedic,Contour Elite,2086.0,1700.0,1.0,2.0,2086.0,18.0,368.0,Digital Wallet,6.0
2021-04-17,66+,TX,Other,High,Organic,Electronics,Laptops,Apple Laptop,MacBook Pro M3,1804.0,1500.0,1.0,5.0,1804.0,12.0,292.0,Debit Card,6.0
2021-04-17,66+,TX,Male,High,App,Beauty,Makeup,Maybelline,Fit Me Foundation,22.0,15.0,5.0,14.0,111.0,5.0,31.0,Digital Wallet,4.0
2021-04-17,46-55,CA,Female,Middle,App,Beauty,Makeup,Maybelline,Fit Me Foundation,18.0,15.0,2.0,7.0,36.0,3.0,3.0,Digital Wallet,4.0
2021-04-17,18-25,FL,Male,Middle,App,Electronics,Laptops,Dell,XPS,1695.0,1300.0,1.0,2.0,1695.0,13.0,383.0,Debit Card,3.0
2021-04-17,26-35,CA,Female,Middle,Email,Clothing,Jeans,Levis,501 Original,76.0,60.0,1.0,23.0,76.0,3.0,13.0,Digital Wallet,2.0
2021-04-17,18-25,IL,Other,Low,App,Home,Beds,Tempur-Pedic,Contour Elite,2050.0,1700.0,1.0,2.0,2050.0,18.0,331.0,Digital Wallet,4.0
2021-04-17,66+,CA,Female,Middle,Organic,Beauty,Skincare,Neutrogena,Hydro Boost Gel,21.0,20.0,5.0,11.0,106.0,4.0,2.0,BNPL,5.0
2021-04-17,46-55,CA,Male,Middle,Email,Beauty,Makeup,Maybelline,Fit Me Foundation,19.0,15.0,3.0,6.0,56.0,3.0,8.0,Debit Card,4.0
2021-04-17,26-35,TX,Other,Middle,Email,Clothing,T-Shirts,Nike,Dry-FIT,38.0,20.0,3.0,11.0,114.0,7.0,48.0,Credit Card,7.0
2021-04-17,18-25,NY,Male,Middle,Affiliates,Electronics,Smartphones,Samsung,Galaxy Z Fold 5,1719.0,1500.0,3.0,6.0,5156.0,23.0,633.0,Digital Wallet,5.0
2021-04-17,46-55,IL,Female,Middle,App,Clothing,Jeans,Levis,501 Original,66.0,60.0,3.0,24.0,199.0,10.0,9.0,Credit Card,5.0
2021-04-17,46-55,CA,Female,Middle,PPC,Home,Furniture,IKEA,Billy Bookcase,152.0,100.0,2.0,1.0,304.0,23.0,81.0,Digital Wallet,5.0
2021-04-17,46-55,TX,Male,High,Organic,Electronics,Smartphones,Apple,iPhone 14,930.0,700.0,3.0,12.0,2790.0,20.0,670.0,Credit Card,5.0
2021-04-17,46-55,TX,Other,High,Organic,Clothing,T-Shirts,Adidas,Essentials,47.0,35.0,3.0,10.0,142.0,7.0,30.0,Digital Wallet,4.0
2021-04-17,46-55,PA,Female,Middle,Affiliates,Beauty,Makeup,Revlon,ColorStay Lipstick,19.0,15.0,1.0,13.0,19.0,5.0,-1.0,Credit Card,4.0
2021-04-17,46-55,MI,Male,Low,Others,Clothing,Jeans,Wrangler,Authentics,44.0,30.0,3.0,19.0,132.0,10.0,32.0,Credit Card,5.0
2021-04-17,66+,MI,Male,Middle,Organic,Electronics,Smartphones,Apple,iPhone SE,580.0,400.0,12.0,5.0,6959.0,62.0,2097.0,Digital Wallet,10.0
2021-04-17,26-35,OH,Male,High,App,Electronics,Smartphones,Apple,iPhone SE,614.0,400.0,3.0,5.0,1842.0,20.0,621.0,Debit Card,5.0
2021-04-17,46-55,NY,Male,Middle,Others,Home,Furniture,IKEA,Kallax Shelf,65.0,60.0,2.0,1.0,130.0,28.0,-18.0,BNPL,7.0
2021-04-17,18-25,CA,Other,High,Organic,Electronics,Laptops,HP,Pavilion,735.0,600.0,1.0,9.0,735.0,10.0,126.0,Digital Wallet,3.0
2021-04-17,56-65,MI,Female,Middle,Affiliates,Home,Beds,Tempur-Pedic,Cloud Supreme,2164.0,1800.0,2.0,3.0,4329.0,32.0,696.0,Debit Card,5.0
2021-04-17,36-45,NY,Female,Low,Others,Electronics,Smartphones,Apple,iPhone 14,993.0,700.0,2.0,6.0,1986.0,17.0,569.0,Digital Wallet,5.0
2021-04-17,26-35,FL,Female,Low,Organic,Beauty,Skincare,Neutrogena,Hydro Boost Gel,27.0,20.0,2.0,14.0,53.0,5.0,8.0,Digital Wallet,4.0
2021-04-17,36-45,NY,Female,Middle,Email,Electronics,Laptops,Dell,Inspiron,885.0,600.0,1.0,9.0,885.0,15.0,270.0,Credit Card,5.0
2021-04-17,46-55,FL,Female,Low,App,Beauty,Makeup,Maybelline,Fit Me Foundation,18.0,15.0,7.0,13.0,124.0,8.0,11.0,Credit Card,7.0
2021-04-17,36-45,GA,Female,High,Affiliates,Home,Beds,Serta,Perfect Sleeper,959.0,750.0,2.0,4.0,1919.0,29.0,390.0,Credit Card,8.0
2021-04-17,46-55,IL,Other,High,Organic,Beauty,Skincare,Neutrogena,Hydro Boost Gel,22.0,20.0,5.0,12.0,108.0,8.0,1.0,Digital Wallet,6.0
2021-04-17,36-45,FL,Male,Middle,Others,Beauty,Makeup,Maybelline,Fit Me Foundation,17.0,15.0,1.0,12.0,17.0,4.0,-2.0,Debit Card,3.0
2021-04-17,26-35,IL,Female,High,Organic,Home,Furniture,IKEA,Billy Bookcase,156.0,100.0,2.0,4.0,312.0,27.0,85.0,Debit Card,2.0
2021-04-17,56-65,OH,Male,Low,App,Clothing,Jeans,Levis,Slim Fit,56.0,50.0,2.0,22.0,113.0,6.0,6.0,Credit Card,4.0
2021-04-17,36-45,PA,Other,High,Email,Electronics,Smartphones,Apple,iPhone SE,599.0,400.0,2.0,6.0,1198.0,15.0,382.0,Credit Card,4.0
2021-04-17,26-35,NY,Female,Middle,PPC,Home,Beds,Tempur-Pedic,Cloud Supreme,2138.0,1800.0,1.0,4.0,2138.0,19.0,318.0,Digital Wallet,5.0
2021-04-17,26-35,CA,Male,Low,Others,Home,Beds,Tempur-Pedic,Contour Elite,2096.0,1700.0,1.0,4.0,2096.0,14.0,382.0,Debit Card,5.0
2021-04-17,46-55,CA,Male,High,Email,Home,Furniture,IKEA,Billy Bookcase,143.0,100.0,1.0,2.0,143.0,12.0,31.0,Digital Wallet,4.0
2021-04-17,66+,NY,Female,Middle,App,Home,Furniture,IKEA,Billy Bookcase,157.0,100.0,2.0,4.0,315.0,28.0,87.0,Digital Wallet,4.0
2021-04-17,36-45,CA,Female,Middle,App,Electronics,Laptops,Apple Laptop,MacBook Air M2,1363.0,1000.0,2.0,4.0,2725.0,19.0,706.0,Debit Card,3.0
2021-04-17,56-65,NY,Female,Middle,Email,Electronics,Smartphones,Apple,iPhone 14,913.0,700.0,3.0,14.0,2739.0,23.0,616.0,Credit Card,6.0
2021-04-17,18-25,NY,Male,Middle,PPC,Beauty,Skincare,Neutrogena,Oil-Free Acne Wash,17.0,15.0,5.0,18.0,83.0,9.0,-1.0,Digital Wallet,6.0
2021-04-17,36-45,GA,Other,Middle,Others,Electronics,Smartphones,Samsung,Galaxy Z Fold 5,1727.0,1500.0,1.0,11.0,1727.0,7.0,220.0,BNPL,3.0
2021-04-17,18-25,GA,Female,Middle,App,Clothing,Jeans,Levis,501 Original,80.0,60.0,3.0,15.0,241.0,7.0,54.0,Digital Wallet,5.0
2021-04-17,36-45,MI,Female,Middle,Organic,Beauty,Skincare,Neutrogena,Rapid Wrinkle Repair,26.0,20.0,2.0,15.0,52.0,6.0,5.0,Digital Wallet,5.0
2021-04-17,36-45,IL,Female,High,Affiliates,Electronics,Laptops,HP,Envy,998.0,700.0,1.0,2.0,998.0,14.0,285.0,Debit Card,5.0
2021-04-17,36-45,MI,Male,Middle,Affiliates,Home,Furniture,IKEA,Kallax Shelf,75.0,60.0,2.0,3.0,151.0,28.0,3.0,Debit Card,9.0
2021-04-17,56-65,NY,Male,Middle,Email,Beauty,Makeup,Maybelline,Lash Sensational Mascara,16.0,10.0,1.0,8.0,16.0,6.0,-0.0,Digital Wallet,4.0
2021-04-17,26-35,FL,Male,Middle,Email,Electronics,Smartphones,Apple,iPhone 15,1087.0,800.0,3.0,7.0,3261.0,21.0,841.0,Debit Card,5.0
2021-04-17,36-45,CA,Female,Low,Affiliates,Home,Furniture,IKEA,Kallax Shelf,80.0,60.0,1.0,4.0,80.0,12.0,8.0,Credit Card,5.0
2021-04-17,36-45,IL,Female,Middle,Organic,Beauty,Makeup,Revlon,ColorStay Lipstick,17.0,15.0,2.0,12.0,35.0,6.0,-1.0,Debit Card,3.0
2021-04-17,26-35,NC,Female,Middle,Others,Home,Beds,Tempur-Pedic,Cloud Supreme,2183.0,1800.0,2.0,1.0,4366.0,34.0,732.0,Credit Card,6.0
2021-04-17,26-35,TX,Female,Low,Organic,Electronics,Laptops,HP,Envy,899.0,700.0,1.0,8.0,899.0,12.0,187.0,Debit Card,4.0
2021-04-17,66+,PA,Male,Low,Others,Clothing,Jeans,Levis,501 Original,74.0,60.0,1.0,17.0,74.0,6.0,9.0,Digital Wallet,4.0
2021-04-17,56-65,CA,Male,Middle,Others,Home,Beds,Tempur-Pedic,Contour Elite,2123.0,1700.0,2.0,2.0,4246.0,28.0,817.0,Credit Card,4.0
2021-04-17,46-55,OH,Female,High,Organic,Clothing,T-Shirts,Nike,Pro,40.0,30.0,3.0,18.0,120.0,7.0,23.0,BNPL,6.0
2021-04-17,26-35,NC,Other,Middle,Others,Electronics,Smartphones,Samsung,Galaxy Z Fold 5,1868.0,1500.0,3.0,5.0,5604.0,24.0,1080.0,Digital Wallet,6.0
2021-04-17,36-45,GA,Male,Middle,Organic,Electronics,Laptops,HP,Envy,1014.0,700.0,2.0,2.0,2028.0,20.0,608.0,Debit Card,5.0
2021-04-17,18-25,NY,Male,Low,PPC,Electronics,Smartphones,Apple,iPhone 15,1045.0,800.0,2.0,8.0,2091.0,17.0,474.0,Digital Wallet,6.0
2021-04-17,46-55,FL,Male,Middle,Others,Electronics,Laptops,HP,Envy,870.0,700.0,2.0,9.0,1741.0,22.0,319.0,Digital Wallet,5.0
2021-04-17,26-35,CA,Female,Middle,PPC,Electronics,Laptops,Dell,XPS,1600.0,1300.0,1.0,6.0,1600.0,10.0,291.0,Debit Card,4.0
2021-04-17,18-25,MI,Male,High,Organic,Clothing,Jeans,Levis,501 Original,74.0,60.0,13.0,21.0,966.0,24.0,162.0,Credit Card,7.0
2021-04-17,66+,PA,Female,High,PPC,Beauty,Makeup,Maybelline,Lash Sensational Mascara,17.0,10.0,5.0,8.0,85.0,7.0,28.0,Credit Card,5.0
2021-04-17,26-35,FL,Female,Middle,Affiliates,Home,Furniture,IKEA,Billy Bookcase,132.0,100.0,1.0,1.0,132.0,15.0,17.0,Digital Wallet,4.0
2021-04-17,66+,IL,Female,Middle,App,Electronics,Smartphones,Samsung,Galaxy S21,753.0,500.0,3.0,10.0,2258.0,22.0,736.0,Digital Wallet,4.0
2021-04-17,26-35,IL,Male,Low,App,Clothing,Jeans,Wrangler,Authentics,37.0,30.0,3.0,15.0,111.0,10.0,11.0,Digital Wallet,4.0
2021-04-17,26-35,TX,Male,Middle,App,Electronics,Smartphones,Samsung,Galaxy S21,739.0,500.0,2.0,7.0,1478.0,14.0,464.0,Debit Card,5.0
2021-04-17,18-25,PA,Male,High,Organic,Clothing,T-Shirts,Nike,Pro,48.0,30.0,3.0,11.0,145.0,8.0,47.0,Digital Wallet,6.0
2021-04-17,46-55,TX,Female,Middle,App,Home,Furniture,IKEA,Billy Bookcase,137.0,100.0,1.0,1.0,137.0,14.0,23.0,Digital Wallet,6.0
2021-04-17,26-35,FL,Other,Middle,PPC,Electronics,Laptops,HP,Pavilion,769.0,600.0,2.0,5.0,1539.0,22.0,317.0,Digital Wallet,5.0
2021-04-17,36-45,NC,Male,Middle,App,Electronics,Smartphones,Apple,iPhone 15,1040.0,800.0,1.0,8.0,1040.0,12.0,228.0,Debit Card,6.0
2021-04-17,36-45,PA,Female,Low,Organic,Beauty,Makeup,Maybelline,Lash Sensational Mascara,16.0,10.0,1.0,13.0,16.0,5.0,1.0,Debit Card,4.0
2021-04-17,36-45,FL,Female,Middle,Organic,Electronics,Laptops,Dell,XPS,1496.0,1300.0,2.0,7.0,2991.0,22.0,370.0,Digital Wallet,6.0
2021-04-17,26-35,FL,Other,Low,Organic,Home,Furniture,IKEA,Kallax Shelf,80.0,60.0,2.0,4.0,159.0,26.0,13.0,Debit Card,4.0
2021-04-17,36-45,FL,Male,High,Organic,Home,Furniture,IKEA,Kallax Shelf,67.0,60.0,1.0,2.0,67.0,15.0,-8.0,BNPL,5.0
2021-04-17,26-35,IL,Female,Low,Organic,Home,Beds,Tempur-Pedic,Cloud Supreme,2172.0,1800.0,2.0,4.0,4343.0,32.0,711.0,BNPL,6.0
2021-04-17,46-55,PA,Male,Middle,Others,Beauty,Skincare,Neutrogena,Hydro Boost Gel,18.0,20.0,5.0,16.0,91.0,7.0,-17.0,Digital Wallet,5.0
2021-04-17,36-45,CA,Male,Middle,PPC,Beauty,Makeup,Maybelline,Lash Sensational Mascara,13.0,10.0,5.0,12.0,67.0,3.0,14.0,Digital Wallet,4.0
2021-04-17,36-45,MI,Female,High,App,Electronics,Laptops,Dell,Inspiron,828.0,600.0,1.0,4.0,828.0,14.0,214.0,Debit Card,4.0
2021-04-17,56-65,NY,Female,High,Email,Home,Beds,Tempur-Pedic,Cloud Supreme,2154.0,1800.0,2.0,1.0,4307.0,33.0,674.0,Debit Card,5.0
2021-04-17,26-35,OH,Male,Middle,Email,Home,Furniture,Ashley Furniture,Dining Table,355.0,200.0,2.0,4.0,711.0,26.0,285.0,BNPL,6.0
2021-04-17,36-45,FL,Other,Middle,Organic,Beauty,Makeup,Maybelline,Lash Sensational Mascara,13.0,10.0,6.0,10.0,77.0,7.0,10.0,Digital Wallet,5.0
2021-04-17,36-45,TX,Other,Middle,Organic,Electronics,Smartphones,Apple,iPhone 14,925.0,700.0,1.0,10.0,925.0,8.0,216.0,Digital Wallet,6.0
2021-04-17,56-65,OH,Female,Middle,Others,Clothing,Jeans,Levis,Bootcut,83.0,100.0,1.0,23.0,83.0,5.0,-22.0,Digital Wallet,3.0
2021-04-17,66+,GA,Female,Middle,Organic,Home,Furniture,IKEA,Billy Bookcase,167.0,100.0,1.0,1.0,167.0,13.0,54.0,Debit Card,4.0
2021-04-17,36-45,CA,Male,Low,Email,Electronics,Smartphones,Apple,iPhone 14,1011.0,700.0,1.0,8.0,1011.0,6.0,305.0,Credit Card,3.0
2021-04-17,46-55,IL,Male,Middle,Organic,Electronics,Laptops,Apple Laptop,MacBook Pro M2,1423.0,1200.0,1.0,3.0,1423.0,14.0,209.0,Digital Wallet,4.0
2021-04-17,18-25,IL,Other,Middle,App,Home,Beds,Serta,iComfort,2390.0,1900.0,2.0,1.0,4781.0,32.0,949.0,BNPL,5.0
2021-04-17,26-35,TX,Female,Low,PPC,Clothing,Jeans,Wrangler,Regular Fit,47.0,35.0,2.0,23.0,93.0,6.0,18.0,Debit Card,6.0
2021-04-17,56-65,NC,Other,Middle,Others,Home,Furniture,IKEA,Kallax Shelf,95.0,60.0,1.0,2.0,95.0,18.0,17.0,Credit Card,5.0
2021-04-17,26-35,NC,Female,Middle,Organic,Electronics,Smartphones,Apple,iPhone 14,932.0,700.0,2.0,8.0,1864.0,18.0,446.0,Digital Wallet,5.0
2021-04-17,56-65,CA,Male,Low,Email,Electronics,Laptops,Apple Laptop,MacBook Pro M3,1814.0,1500.0,9.0,4.0,16322.0,74.0,2748.0,Digital Wallet,8.0
2021-04-17,26-35,GA,Female,Middle,App,Home,Furniture,IKEA,Kallax Shelf,51.0,60.0,2.0,2.0,101.0,24.0,-43.0,Digital Wallet,5.0
2021-04-17,26-35,CA,Other,Low,Organic,Electronics,Smartphones,Samsung,Galaxy Z Fold 5,1713.0,1500.0,3.0,12.0,5140.0,18.0,623.0,Credit Card,4.0
2021-04-17,26-35,CA,Other,Middle,App,Electronics,Smartphones,Samsung,Galaxy A32,358.0,250.0,1.0,8.0,358.0,6.0,102.0,Credit Card,3.0
2021-04-17,18-25,TX,Female,Middle,Others,Home,Furniture,IKEA,Billy Bookcase,136.0,100.0,1.0,3.0,136.0,14.0,22.0,Credit Card,4.0
2021-04-17,26-35,CA,Other,High,Organic,Clothing,Jeans,Levis,501 Original,78.0,60.0,1.0,17.0,78.0,3.0,15.0,Credit Card,2.0
2021-04-17,18-25,GA,Male,Middle,App,Electronics,Laptops,Dell,XPS,1634.0,1300.0,2.0,2.0,3268.0,20.0,648.0,Digital Wallet,4.0
2021-04-17,46-55,NY,Male,Low,Email,Electronics,Laptops,Dell,XPS,1553.0,1300.0,1.0,3.0,1553.0,15.0,238.0,Credit Card,4.0
2021-04-17,26-35,FL,Other,Low,App,Beauty,Makeup,Maybelline,Lash Sensational Mascara,14.0,10.0,7.0,9.0,96.0,8.0,18.0,Digital Wallet,7.0
2021-04-17,26-35,OH,Male,Middle,Others,Electronics,Smartphones,Apple,iPhone 15,1014.0,800.0,2.0,13.0,2028.0,14.0,414.0,Digital Wallet,5.0
2021-04-17,18-25,NY,Other,Low,PPC,Home,Furniture,IKEA,Kallax Shelf,82.0,60.0,2.0,1.0,164.0,28.0,16.0,Digital Wallet,6.0
2021-04-17,46-55,PA,Female,Middle,Organic,Electronics,Laptops,Apple Laptop,MacBook Air M2,1310.0,1000.0,1.0,3.0,1310.0,13.0,297.0,BNPL,5.0
2021-04-17,26-35,OH,Male,High,Organic,Home,Beds,Serta,Perfect Sleeper,991.0,750.0,2.0,1.0,1983.0,31.0,452.0,Digital Wallet,5.0
2021-04-17,26-35,NY,Female,Middle,App,Electronics,Smartphones,Apple,iPhone SE,541.0,400.0,1.0,11.0,541.0,11.0,130.0,BNPL,5.0
2021-04-17,36-45,FL,Female,High,Organic,Clothing,Jeans,Levis,501 Original,69.0,60.0,3.0,18.0,207.0,9.0,19.0,Credit Card,4.0
2021-04-17,66+,NC,Other,Middle,Affiliates,Beauty,Makeup,Revlon,PhotoReady Concealer,16.0,12.0,1.0,8.0,16.0,7.0,-3.0,Credit Card,4.0
2021-04-17,46-55,NY,Male,High,Others,Electronics,Smartphones,Apple,iPhone 15,1033.0,800.0,3.0,5.0,3100.0,23.0,677.0,Digital Wallet,6.0
2021-04-17,18-25,FL,Other,High,Affiliates,Clothing,T-Shirts,Adidas,Performance,66.0,45.0,3.0,10.0,198.0,8.0,55.0,Credit Card,4.0
2021-04-17,36-45,TX,Male,Low,Others,Beauty,Makeup,Maybelline,Lash Sensational Mascara,13.0,10.0,1.0,9.0,13.0,3.0,-0.0,Debit Card,2.0
2021-04-17,26-35,TX,Male,Middle,Email,Electronics,Smartphones,Apple,iPhone SE,564.0,400.0,3.0,12.0,1691.0,20.0,472.0,BNPL,4.0
2021-04-17,26-35,IL,Male,Low,Affiliates,Home,Furniture,Ashley Furniture,Sofa,445.0,300.0,2.0,4.0,889.0,27.0,262.0,Digital Wallet,7.0
2021-04-17,36-45,GA,Male,Low,Affiliates,Electronics,Smartphones,Apple,iPhone 14,955.0,700.0,2.0,10.0,1909.0,13.0,496.0,Digital Wallet,4.0
2021-04-17,46-55,CA,Male,Middle,Others,Clothing,T-Shirts,Nike,Dry-FIT,29.0,20.0,3.0,17.0,88.0,5.0,23.0,Credit Card,3.0
2021-04-17,18-25,CA,Male,Low,Organic,Home,Furniture,Ashley Furniture,Bed Frame,233.0,100.0,1.0,3.0,233.0,12.0,121.0,Debit Card,4.0
2021-04-17,36-45,NC,Other,Middle,Others,Electronics,Smartphones,Samsung,Galaxy A32,339.0,250.0,1.0,6.0,339.0,12.0,77.0,Debit Card,5.0
2021-04-17,56-65,NY,Female,Low,App,Home,Furniture,IKEA,Billy Bookcase,151.0,100.0,1.0,1.0,151.0,17.0,34.0,Credit Card,5.0
2021-04-17,46-55,CA,Female,Middle,Affiliates,Home,Furniture,IKEA,Kallax Shelf,64.0,60.0,2.0,2.0,129.0,23.0,-15.0,BNPL,4.0
2021-04-17,26-35,CA,Female,High,App,Clothing,Jeans,Wrangler,Authentics,46.0,30.0,2.0,24.0,92.0,4.0,28.0,Digital Wallet,3.0
2021-04-17,26-35,NY,Male,High,Others,Beauty,Skincare,Neutrogena,Rapid Wrinkle Repair,30.0,20.0,3.0,15.0,90.0,8.0,22.0,BNPL,5.0
2021-04-17,18-25,PA,Male,High,Others,Clothing,T-Shirts,Adidas,Performance,63.0,45.0,5.0,14.0,316.0,9.0,82.0,Digital Wallet,5.0
2021-04-17,26-35,MI,Female,Middle,Organic,Home,Furniture,IKEA,Kallax Shelf,85.0,60.0,1.0,4.0,85.0,16.0,8.0,Credit Card,5.0
2021-04-17,56-65,OH,Female,Low,App,Electronics,Smartphones,Apple,iPhone 15,1023.0,800.0,2.0,8.0,2045.0,14.0,431.0,Credit Card,5.0
2021-04-17,26-35,OH,Male,Low,Organic,Electronics,Smartphones,Samsung,Galaxy S21,698.0,500.0,3.0,8.0,2095.0,20.0,575.0,Credit Card,11.0
2021-04-17,56-65,CA,Female,High,Others,Clothing,T-Shirts,Adidas,Essentials,45.0,35.0,2.0,15.0,90.0,3.0,17.0,Credit Card,2.0
2021-04-17,18-25,TX,Male,Middle,PPC,Electronics,Laptops,Apple Laptop,MacBook Pro M3,1721.0,1500.0,1.0,8.0,1721.0,12.0,209.0,Credit Card,4.0
2021-04-17,36-45,NY,Male,Low,App,Electronics,Laptops,HP,Pavilion,804.0,600.0,2.0,5.0,1607.0,24.0,383.0,Credit Card,6.0
2021-04-17,66+,GA,Female,Middle,Affiliates,Beauty,Skincare,Neutrogena,Rapid Wrinkle Repair,36.0,20.0,2.0,11.0,72.0,3.0,29.0,Digital Wallet,4.0
2021-04-17,36-45,MI,Male,Low,Organic,Electronics,Smartphones,Apple,iPhone SE,633.0,400.0,2.0,8.0,1267.0,16.0,451.0,Credit Card,6.0
2021-04-17,66+,NC,Male,Middle,App,Electronics,Laptops,HP,Pavilion,783.0,600.0,2.0,4.0,1567.0,25.0,342.0,Debit Card,5.0
2021-04-17,18-25,NY,Other,High,App,Electronics,Laptops,Apple Laptop,MacBook Pro M3,1703.0,1500.0,1.0,6.0,1703.0,15.0,188.0,Debit Card,4.0
2021-04-17,66+,IL,Other,Middle,PPC,Electronics,Smartphones,Samsung,Galaxy S21,648.0,500.0,3.0,10.0,1945.0,22.0,423.0,Digital Wallet,4.0
2021-04-17,36-45,TX,Male,Low,Organic,Electronics,Smartphones,Apple,iPhone 15,970.0,800.0,1.0,12.0,970.0,8.0,162.0,Credit Card,3.0
2021-04-17,46-55,OH,Other,High,Organic,Home,Beds,Tempur-Pedic,Cloud Supreme,2117.0,1800.0,2.0,4.0,4235.0,31.0,604.0,Debit Card,6.0
2021-04-17,46-55,NC,Male,High,Organic,Electronics,Laptops,Apple Laptop,MacBook Air M1,1162.0,900.0,2.0,8.0,2324.0,25.0,499.0,Credit Card,5.0
2021-04-17,56-65,FL,Other,Low,Others,Home,Furniture,IKEA,Billy Bookcase,167.0,100.0,2.0,3.0,334.0,26.0,108.0,Credit Card,6.0
2021-04-17,46-55,MI,Female,Middle,Organic,Home,Beds,Tempur-Pedic,Contour Elite,2059.0,1700.0,1.0,2.0,2059.0,19.0,341.0,Digital Wallet,6.0
2021-04-17,66+,PA,Female,Middle,App,Home,Furniture,IKEA,Kallax Shelf,74.0,60.0,1.0,4.0,74.0,15.0,-2.0,Digital Wallet,5.0
2021-04-17,36-45,FL,Male,High,Others,Electronics,Smartphones,Apple,iPhone 15,987.0,800.0,1.0,12.0,987.0,9.0,178.0,Credit Card,3.0
2021-04-17,66+,CA,Female,Middle,Organic,Electronics,Smartphones,Samsung,Galaxy A32,332.0,250.0,1.0,13.0,332.0,6.0,75.0,Credit Card,4.0
2021-04-17,46-55,NC,Female,Middle,Organic,Electronics,Smartphones,Samsung,Galaxy S21,751.0,500.0,3.0,5.0,2253.0,24.0,730.0,Credit Card,6.0
2021-04-17,26-35,OH,Female,Middle,PPC,Electronics,Laptops,Dell,XPS,1589.0,1300.0,2.0,8.0,3178.0,21.0,556.0,Digital Wallet,5.0
2021-04-17,46-55,TX,Female,Middle,Email,Home,Furniture,Ashley Furniture,Sofa,469.0,300.0,1.0,4.0,469.0,14.0,155.0,Credit Card,5.0
2021-04-17,18-25,MI,Female,Middle,PPC,Beauty,Makeup,Maybelline,Fit Me Foundation,19.0,15.0,5.0,9.0,96.0,8.0,14.0,Credit Card,5.0
2021-04-17,26-35,OH,Female,Middle,Organic,Clothing,Jeans,Wrangler,Authentics,44.0,30.0,1.0,18.0,44.0,5.0,9.0,BNPL,4.0
2021-04-17,36-45,CA,Male,High,Affiliates,Electronics,Smartphones,Apple,iPhone 14,975.0,700.0,1.0,9.0,975.0,6.0,269.0,Credit Card,3.0
2021-04-17,18-25,IL,Other,Middle,Affiliates,Beauty,Makeup,Maybelline,Fit Me Foundation,19.0,15.0,3.0,13.0,58.0,7.0,6.0,Digital Wallet,5.0
2021-04-17,46-55,FL,Male,Middle,App,Beauty,Skincare,Neutrogena,Rapid Wrinkle Repair,33.0,20.0,3.0,15.0,100.0,6.0,34.0,Credit Card,5.0
2021-04-17,56-65,PA,Female,Middle,App,Electronics,Smartphones,Apple,iPhone 15,1045.0,800.0,2.0,7.0,2091.0,15.0,475.0,Digital Wallet,6.0
2021-04-17,26-35,CA,Male,Middle,Organic,Electronics,Laptops,HP,Envy,953.0,700.0,1.0,8.0,953.0,10.0,244.0,BNPL,4.0
2021-04-17,26-35,IL,Other,Middle,Others,Electronics,Smartphones,Samsung,Galaxy Z Fold 5,1618.0,1500.0,3.0,7.0,4854.0,22.0,332.0,Debit Card,5.0
2021-04-17,56-65,NY,Male,High,Affiliates,Clothing,Jeans,Wrangler,Regular Fit,62.0,35.0,1.0,15.0,62.0,7.0,20.0,Debit Card,4.0
2021-04-17,66+,TX,Other,Middle,Organic,Electronics,Smartphones,Apple,iPhone 14,995.0,700.0,2.0,5.0,1990.0,14.0,576.0,Digital Wallet,3.0
2021-04-17,36-45,CA,Male,High,Email,Home,Furniture,IKEA,Kallax Shelf,74.0,60.0,2.0,4.0,148.0,23.0,5.0,Credit Card,4.0
2021-04-17,46-55,CA,Male,Low,PPC,Electronics,Smartphones,Apple,iPhone 15,1029.0,800.0,1.0,10.0,1029.0,6.0,223.0,Digital Wallet,3.0
2021-04-17,26-35,GA,Male,High,PPC,Beauty,Skincare,Neutrogena,Hydro Boost Gel,21.0,20.0,3.0,19.0,64.0,4.0,-0.0,Debit Card,6.0
2021-04-17,56-65,NY,Female,Low,App,Beauty,Skincare,Neutrogena,Hydro Boost Gel,20.0,20.0,2.0,14.0,41.0,7.0,-6.0,Digital Wallet,5.0
2021-04-17,56-65,NY,Male,Middle,PPC,Home,Beds,Tempur-Pedic,Contour Elite,2048.0,1700.0,1.0,4.0,2048.0,19.0,329.0,Debit Card,4.0
2021-04-17,26-35,NY,Female,Low,Affiliates,Clothing,T-Shirts,Nike,Sportswear,35.0,25.0,5.0,12.0,173.0,11.0,37.0,BNPL,5.0
2021-04-17,46-55,IL,Male,Middle,Email,Electronics,Smartphones,Samsung,Galaxy A32,355.0,250.0,1.0,5.0,355.0,10.0,95.0,Digital Wallet,4.0
2021-04-17,36-45,NY,Male,Middle,Affiliates,Clothing,T-Shirts,Nike,Sportswear,35.0,25.0,2.0,16.0,70.0,8.0,11.0,Digital Wallet,5.0
2021-04-17,46-55,MI,Male,Low,Organic,Beauty,Makeup,Maybelline,Fit Me Foundation,19.0,15.0,1.0,5.0,19.0,6.0,-2.0,Debit Card,3.0
2021-04-17,26-35,TX,Male,Low,Email,Home,Beds,Tempur-Pedic,Contour Elite,2099.0,1700.0,2.0,3.0,4197.0,30.0,767.0,Debit Card,6.0
2021-04-17,56-65,PA,Female,Middle,Others,Beauty,Makeup,Maybelline,Lash Sensational Mascara,17.0,10.0,6.0,11.0,104.0,7.0,36.0,Digital Wallet,6.0
2021-04-17,36-45,IL,Male,Low,Email,Home,Furniture,IKEA,Billy Bookcase,189.0,100.0,1.0,2.0,189.0,16.0,73.0,Digital Wallet,6.0
2021-04-17,66+,TX,Female,Middle,PPC,Electronics,Smartphones,Samsung,Galaxy A32,358.0,250.0,3.0,7.0,1073.0,20.0,304.0,BNPL,6.0
2021-04-17,46-55,OH,Male,Low,PPC,Clothing,Jeans,Levis,Bootcut,95.0,100.0,2.0,24.0,191.0,6.0,-16.0,Credit Card,4.0
2021-04-17,36-45,IL,Male,Middle,Affiliates,Beauty,Makeup,Maybelline,Lash Sensational Mascara,14.0,10.0,3.0,6.0,43.0,7.0,7.0,BNPL,5.0
2021-04-17,66+,NY,Male,Low,Email,Beauty,Skincare,Neutrogena,Rapid Wrinkle Repair,31.0,20.0,1.0,14.0,31.0,6.0,5.0,Digital Wallet,2.0
2021-04-17,36-45,NY,Other,Low,Organic,Electronics,Smartphones,Apple,iPhone SE,545.0,400.0,3.0,6.0,1634.0,23.0,411.0,Credit Card,6.0
2021-04-17,26-35,NC,Male,Middle,Affiliates,Home,Furniture,IKEA,Billy Bookcase,135.0,100.0,2.0,4.0,271.0,29.0,41.0,Debit Card,5.0
2021-04-17,26-35,GA,Female,Low,Others,Home,Beds,Serta,Perfect Sleeper,987.0,750.0,2.0,1.0,1974.0,29.0,445.0,Digital Wallet,5.0
2021-04-17,46-55,IL,Male,Middle,Email,Home,Furniture,IKEA,Kallax Shelf,53.0,60.0,1.0,4.0,53.0,16.0,-23.0,Debit Card,5.0
2021-04-17,66+,FL,Male,Middle,PPC,Home,Furniture,Ashley Furniture,Sofa,491.0,300.0,1.0,1.0,491.0,15.0,176.0,Digital Wallet,4.0
2021-04-17,56-65,FL,Male,Middle,App,Electronics,Smartphones,Apple,iPhone 15,1067.0,800.0,16.0,7.0,17065.0,84.0,4181.0,Credit Card,11.0
2021-04-17,26-35,OH,Female,Low,App,Electronics,Smartphones,Samsung,Galaxy A32,353.0,250.0,3.0,8.0,1058.0,20.0,288.0,Credit Card,5.0
2021-04-17,18-25,NY,Female,Low,Others,Electronics,Smartphones,Samsung,Galaxy A32,312.0,250.0,2.0,6.0,623.0,17.0,106.0,Credit Card,4.0
2021-04-17,66+,CA,Female,Middle,Others,Home,Beds,Tempur-Pedic,Contour Elite,2121.0,1700.0,1.0,3.0,2121.0,14.0,406.0,Digital Wallet,4.0
2021-04-17,18-25,FL,Female,High,Affiliates,Electronics,Laptops,Apple Laptop,MacBook Pro M2,1421.0,1200.0,2.0,7.0,2841.0,22.0,419.0,BNPL,5.0
2021-04-17,26-35,FL,Female,High,Organic,Home,Furniture,IKEA,Billy Bookcase,161.0,100.0,1.0,4.0,161.0,15.0,46.0,Digital Wallet,2.0
2021-04-17,36-45,CA,Female,Low,App,Home,Beds,Tempur-Pedic,Contour Elite,2099.0,1700.0,1.0,4.0,2099.0,14.0,385.0,Credit Card,4.0
2021-04-17,18-25,TX,Female,High,Email,Home,Furniture,IKEA,Kallax Shelf,94.0,60.0,1.0,3.0,94.0,14.0,20.0,Debit Card,7.0
2021-04-17,56-65,CA,Female,Middle,PPC,Home,Furniture,Ashley Furniture,Dining Table,357.0,200.0,2.0,4.0,713.0,23.0,290.0,Debit Card,5.0
2021-04-17,56-65,FL,Male,Middle,Others,Home,Furniture,IKEA,Billy Bookcase,114.0,100.0,1.0,2.0,114.0,15.0,-1.0,Debit Card,5.0
2021-04-17,18-25,TX,Other,Middle,App,Home,Furniture,Ashley Furniture,Sofa,465.0,300.0,1.0,3.0,465.0,14.0,151.0,Credit Card,6.0
2021-04-17,36-45,FL,Other,High,Organic,Electronics,Smartphones,Apple,iPhone SE,575.0,400.0,3.0,8.0,1726.0,21.0,505.0,Credit Card,6.0
2021-04-17,56-65,OH,Female,Middle,Affiliates,Beauty,Makeup,Maybelline,Fit Me Foundation,13.0,15.0,7.0,14.0,89.0,7.0,-23.0,Digital Wallet,6.0
2021-04-17,46-55,PA,Male,High,Others,Home,Beds,Serta,Perfect Sleeper,985.0,750.0,2.0,2.0,1969.0,32.0,438.0,Digital Wallet,6.0
2021-04-17,56-65,TX,Other,Low,Email,Home,Beds,Tempur-Pedic,Cloud Supreme,2245.0,1800.0,1.0,1.0,2245.0,16.0,429.0,Debit Card,5.0
2021-04-17,26-35,NY,Female,Middle,Others,Electronics,Smartphones,Apple,iPhone 14,970.0,700.0,3.0,10.0,2909.0,23.0,786.0,Digital Wallet,4.0
2021-04-17,18-25,CA,Other,Middle,Organic,Electronics,Smartphones,Samsung,Galaxy A32,310.0,250.0,3.0,14.0,929.0,18.0,162.0,Credit Card,4.0
2021-04-17,26-35,PA,Male,High,Organic,Electronics,Smartphones,Samsung,Galaxy Z Fold 5,1693.0,1500.0,1.0,10.0,1693.0,10.0,183.0,Credit Card,5.0
2021-04-17,26-35,PA,Male,Middle,App,Electronics,Laptops,Dell,Inspiron,783.0,600.0,1.0,6.0,783.0,13.0,170.0,Credit Card,5.0
2021-04-17,56-65,TX,Male,Middle,App,Beauty,Makeup,Maybelline,Lash Sensational Mascara,17.0,10.0,3.0,11.0,51.0,5.0,17.0,Credit Card,4.0
2021-04-17,66+,CA,Other,Middle,Email,Home,Beds,Serta,iComfort,2397.0,1900.0,1.0,3.0,2397.0,14.0,483.0,Digital Wallet,5.0
2021-04-17,66+,TX,Female,Middle,Affiliates,Beauty,Skincare,Neutrogena,Hydro Boost Gel,21.0,20.0,1.0,17.0,21.0,3.0,-3.0,BNPL,4.0
2021-04-17,18-25,TX,Male,Low,App,Electronics,Smartphones,Apple,iPhone 15,1081.0,800.0,2.0,7.0,2162.0,14.0,548.0,Credit Card,19.0
2021-04-17,46-55,CA,Male,Middle,Organic,Electronics,Smartphones,Samsung,Galaxy A32,328.0,250.0,2.0,13.0,656.0,12.0,144.0,Debit Card,3.0
2021-04-17,26-35,PA,Female,Middle,App,Home,Furniture,Ashley Furniture,Sofa,488.0,300.0,2.0,1.0,976.0,27.0,349.0,Debit Card,7.0
2021-04-17,36-45,NY,Male,High,Organic,Beauty,Makeup,Revlon,ColorStay Lipstick,19.0,15.0,3.0,8.0,58.0,8.0,6.0,Credit Card,3.0
2021-04-17,46-55,CA,Female,Low,Organic,Beauty,Makeup,Maybelline,Lash Sensational Mascara,11.0,10.0,7.0,7.0,79.0,5.0,5.0,Credit Card,4.0
2021-04-17,66+,TX,Other,Low,App,Electronics,Laptops,Apple Laptop,MacBook Pro M2,1431.0,1200.0,1.0,2.0,1431.0,12.0,219.0,Digital Wallet,4.0
2021-04-17,36-45,CA,Male,Middle,Organic,Home,Beds,Serta,iComfort,2490.0,1900.0,1.0,2.0,2490.0,14.0,575.0,Credit Card,3.0
2021-04-17,66+,IL,Male,High,Others,Electronics,Smartphones,Apple,iPhone 14,925.0,700.0,2.0,13.0,1850.0,16.0,434.0,Debit Card,5.0
2021-04-17,36-45,IL,Female,Middle,App,Clothing,T-Shirts,Nike,Sportswear,31.0,25.0,3.0,17.0,94.0,9.0,11.0,Debit Card,5.0
2021-04-17,36-45,OH,Other,High,Email,Electronics,Laptops,Apple Laptop,MacBook Air M1,1025.0,900.0,1.0,7.0,1025.0,12.0,113.0,Debit Card,4.0
2021-04-17,18-25,TX,Male,Middle,Email,Electronics,Smartphones,Apple,iPhone 14,953.0,700.0,2.0,11.0,1907.0,14.0,493.0,Digital Wallet,4.0
2021-04-17,18-25,FL,Male,Middle,Affiliates,Clothing,Jeans,Levis,Slim Fit,58.0,50.0,1.0,19.0,58.0,5.0,3.0,Debit Card,4.0
2021-04-17,66+,MI,Female,Middle,PPC,Beauty,Makeup,Revlon,ColorStay Lipstick,16.0,15.0,3.0,12.0,48.0,7.0,-4.0,Credit Card,4.0
2021-04-17,56-65,MI,Female,Middle,Email,Electronics,Laptops,Apple Laptop,MacBook Pro M2,1324.0,1200.0,1.0,9.0,1324.0,14.0,110.0,Credit Card,5.0
2021-04-17,26-35,GA,Other,Middle,PPC,Clothing,T-Shirts,Nike,Sportswear,35.0,25.0,3.0,10.0,106.0,6.0,25.0,BNPL,7.0
2021-04-17,18-25,TX,Other,High,PPC,Home,Furniture,IKEA,Kallax Shelf,79.0,60.0,2.0,4.0,157.0,25.0,12.0,Digital Wallet,6.0
2021-04-17,18-25,NY,Male,Middle,Affiliates,Clothing,T-Shirts,Nike,Dry-FIT,29.0,20.0,1.0,14.0,29.0,7.0,3.0,Credit Card,4.0
2021-04-17,46-55,GA,Male,Low,Affiliates,Electronics,Smartphones,Apple,iPhone 15,983.0,800.0,1.0,13.0,983.0,7.0,176.0,Digital Wallet,8.0
2021-04-17,26-35,IL,Female,High,Email,Clothing,T-Shirts,Nike,Dry-FIT,25.0,20.0,3.0,15.0,76.0,9.0,8.0,Digital Wallet,5.0
2021-04-17,18-25,TX,Male,Middle,Organic,Electronics,Laptops,Apple Laptop,MacBook Air M2,1229.0,1000.0,1.0,7.0,1229.0,12.0,218.0,Credit Card,4.0
2021-04-17,26-35,NY,Male,High,App,Beauty,Makeup,Maybelline,Fit Me Foundation,18.0,15.0,7.0,5.0,128.0,10.0,13.0,Digital Wallet,7.0
2021-04-17,26-35,NY,Female,High,App,Home,Beds,Serta,iComfort,2371.0,1900.0,1.0,1.0,2371.0,19.0,452.0,Digital Wallet,4.0
2021-04-17,46-55,NY,Male,Low,Affiliates,Electronics,Smartphones,Samsung,Galaxy A32,303.0,250.0,2.0,11.0,606.0,17.0,89.0,Credit Card,5.0
2021-04-17,36-45,CA,Female,High,Email,Electronics,Smartphones,Samsung,Galaxy S21,655.0,500.0,2.0,9.0,1310.0,12.0,298.0,BNPL,6.0
2021-04-17,26-35,MI,Female,Middle,App,Beauty,Skincare,Neutrogena,Rapid Wrinkle Repair,24.0,20.0,3.0,10.0,72.0,7.0,5.0,Credit Card,5.0
2021-04-17,36-45,IL,Female,Low,Organic,Home,Furniture,Ashley Furniture,Bed Frame,231.0,100.0,2.0,3.0,461.0,27.0,234.0,Credit Card,4.0
2021-04-17,26-35,MI,Female,Middle,Organic,Beauty,Makeup,Maybelline,Fit Me Foundation,21.0,15.0,7.0,5.0,149.0,9.0,35.0,Credit Card,6.0
2021-04-17,26-35,OH,Other,Low,Others,Home,Beds,Serta,Perfect Sleeper,952.0,750.0,2.0,4.0,1904.0,31.0,373.0,Digital Wallet,5.0
2021-04-17,18-25,NY,Male,Middle,App,Home,Furniture,IKEA,Billy Bookcase,166.0,100.0,2.0,3.0,331.0,28.0,103.0,BNPL,7.0
2021-04-17,26-35,CA,Female,Middle,Affiliates,Home,Beds,Serta,Perfect Sleeper,970.0,750.0,2.0,4.0,1940.0,28.0,412.0,Digital Wallet,5.0
2021-04-17,36-45,IL,Other,High,PPC,Home,Furniture,IKEA,Billy Bookcase,174.0,100.0,1.0,4.0,174.0,16.0,58.0,Digital Wallet,7.0
2021-04-17,56-65,OH,Female,Middle,Organic,Electronics,Smartphones,Samsung,Galaxy Z Fold 5,1838.0,1500.0,2.0,8.0,3676.0,14.0,662.0,Debit Card,3.0
2021-04-17,18-25,TX,Female,High,Email,Electronics,Laptops,Dell,Inspiron,771.0,600.0,1.0,8.0,771.0,12.0,160.0,BNPL,5.0
2021-04-17,46-55,NY,Male,Middle,Organic,Home,Beds,Tempur-Pedic,Cloud Supreme,2135.0,1800.0,2.0,3.0,4270.0,33.0,637.0,Debit Card,5.0
2021-04-17,66+,PA,Male,Middle,Organic,Beauty,Makeup,Maybelline,Lash Sensational Mascara,15.0,10.0,6.0,9.0,89.0,7.0,21.0,Debit Card,6.0
2021-04-17,18-25,IL,Male,High,Organic,Electronics,Smartphones,Apple,iPhone 14,893.0,700.0,1.0,13.0,893.0,10.0,183.0,Digital Wallet,4.0
2021-04-17,46-55,GA,Other,Middle,PPC,Electronics,Laptops,Dell,Inspiron,829.0,600.0,1.0,9.0,829.0,11.0,219.0,Debit Card,4.0
2021-04-17,18-25,IL,Female,Middle,Organic,Home,Beds,Tempur-Pedic,Contour Elite,2004.0,1700.0,1.0,2.0,2004.0,18.0,286.0,Debit Card,5.0
2021-04-17,36-45,PA,Male,Low,App,Electronics,Smartphones,Samsung,Galaxy Z Fold 5,1685.0,1500.0,1.0,12.0,1685.0,10.0,176.0,Debit Card,3.0
2021-04-17,26-35,NY,Female,Low,App,Home,Beds,Tempur-Pedic,Contour Elite,2052.0,1700.0,2.0,1.0,4103.0,33.0,670.0,Debit Card,6.0
2021-04-17,46-55,NY,Other,Low,Organic,Home,Furniture,IKEA,Billy Bookcase,150.0,100.0,1.0,4.0,150.0,17.0,33.0,Debit Card,6.0
2021-04-17,66+,NY,Male,High,Affiliates,Electronics,Smartphones,Apple,iPhone SE,556.0,400.0,2.0,12.0,1111.0,17.0,294.0,Credit Card,6.0
2021-04-17,36-45,OH,Female,Middle,Organic,Electronics,Laptops,Apple Laptop,MacBook Pro M3,1868.0,1500.0,2.0,2.0,3736.0,21.0,714.0,Credit Card,4.0
2021-04-17,56-65,IL,Male,Middle,Email,Electronics,Laptops,Apple Laptop,MacBook Air M1,1038.0,900.0,2.0,2.0,2075.0,23.0,252.0,Digital Wallet,5.0
2021-04-17,26-35,PA,Female,Middle,Email,Home,Furniture,Ashley Furniture,Sofa,422.0,300.0,1.0,2.0,422.0,15.0,107.0,Debit Card,5.0
2021-04-17,18-25,NY,Male,Middle,Organic,Beauty,Makeup,Revlon,PhotoReady Concealer,16.0,12.0,1.0,9.0,16.0,6.0,-2.0,Credit Card,4.0
2021-04-17,26-35,OH,Female,Middle,App,Electronics,Smartphones,Apple,iPhone 15,976.0,800.0,3.0,11.0,2927.0,20.0,507.0,Debit Card,7.0
2021-04-17,46-55,TX,Male,High,Organic,Home,Furniture,Ashley Furniture,Bed Frame,254.0,100.0,1.0,3.0,254.0,14.0,140.0,Digital Wallet,4.0
2021-04-17,56-65,TX,Male,High,App,Electronics,Laptops,Dell,XPS,1539.0,1300.0,2.0,8.0,3077.0,21.0,456.0,Credit Card,4.0
2021-04-17,56-65,TX,Other,Middle,App,Home,Beds,Tempur-Pedic,Contour Elite,1918.0,1700.0,1.0,3.0,1918.0,16.0,201.0,Debit Card,4.0
2021-04-17,18-25,MI,Male,Low,Organic,Electronics,Laptops,Apple Laptop,MacBook Pro M3,1896.0,1500.0,1.0,5.0,1896.0,14.0,381.0,Debit Card,5.0
2021-04-17,26-35,FL,Male,Middle,Email,Clothing,T-Shirts,Nike,Dry-FIT,25.0,20.0,5.0,12.0,125.0,9.0,16.0,Credit Card,5.0
2021-04-17,66+,FL,Female,Middle,App,Beauty,Makeup,Maybelline,Fit Me Foundation,20.0,15.0,7.0,9.0,142.0,8.0,30.0,Credit Card,7.0
2021-04-17,56-65,NY,Male,High,App,Electronics,Smartphones,Apple,iPhone SE,564.0,400.0,3.0,6.0,1691.0,23.0,469.0,Digital Wallet,4.0
2021-04-17,36-45,NC,Other,Middle,App,Home,Furniture,IKEA,Billy Bookcase,130.0,100.0,1.0,1.0,130.0,18.0,12.0,Digital Wallet,6.0
2021-04-17,36-45,FL,Female,Low,PPC,Clothing,Jeans,Wrangler,Authentics,41.0,30.0,3.0,22.0,124.0,9.0,26.0,Credit Card,5.0
2021-04-17,66+,FL,Female,Low,App,Clothing,Jeans,Wrangler,Authentics,35.0,30.0,6.0,18.0,210.0,12.0,18.0,Digital Wallet,6.0
2021-04-17,56-65,NC,Other,High,Affiliates,Home,Furniture,Ashley Furniture,Sofa,444.0,300.0,2.0,2.0,889.0,29.0,259.0,Debit Card,6.0
2021-04-17,56-65,FL,Male,Middle,Others,Clothing,T-Shirts,Nike,Pro,55.0,30.0,2.0,12.0,111.0,6.0,45.0,Credit Card,6.0
2021-04-17,26-35,NY,Male,Middle,App,Clothing,Jeans,Levis,Slim Fit,60.0,50.0,2.0,22.0,120.0,9.0,11.0,Credit Card,4.0
2021-04-17,56-65,CA,Other,Middle,Affiliates,Electronics,Laptops,Apple Laptop,MacBook Pro M3,1892.0,1500.0,2.0,4.0,3784.0,19.0,765.0,Debit Card,3.0
2021-04-17,18-25,NC,Female,Middle,Email,Clothing,T-Shirts,Nike,Pro,38.0,30.0,3.0,19.0,113.0,11.0,12.0,Credit Card,6.0
2021-04-17,26-35,NC,Other,Low,App,Clothing,Jeans,Wrangler,Authentics,39.0,30.0,5.0,23.0,197.0,13.0,34.0,Debit Card,6.0
2021-04-17,18-25,CA,Female,Middle,Organic,Beauty,Makeup,Maybelline,Fit Me Foundation,19.0,15.0,6.0,13.0,113.0,4.0,19.0,Debit Card,6.0
2021-04-17,46-55,NC,Male,Middle,PPC,Clothing,T-Shirts,Adidas,Performance,58.0,45.0,2.0,11.0,117.0,9.0,18.0,Digital Wallet,6.0
2021-04-17,66+,OH,Male,Middle,PPC,Home,Furniture,IKEA,Kallax Shelf,66.0,60.0,2.0,1.0,131.0,26.0,-15.0,Digital Wallet,6.0
2021-04-17,56-65,CA,Male,High,Email,Home,Furniture,Ashley Furniture,Dining Table,335.0,200.0,1.0,4.0,335.0,12.0,123.0,Digital Wallet,3.0
2021-04-17,66+,CA,Male,Middle,App,Beauty,Skincare,Neutrogena,Rapid Wrinkle Repair,26.0,20.0,1.0,10.0,26.0,3.0,3.0,Debit Card,3.0
2021-04-17,66+,GA,Other,High,Others,Home,Beds,Tempur-Pedic,Contour Elite,1979.0,1700.0,2.0,4.0,3958.0,29.0,528.0,Debit Card,5.0
2021-04-17,18-25,CA,Female,Middle,PPC,Home,Furniture,IKEA,Billy Bookcase,153.0,100.0,2.0,4.0,306.0,23.0,83.0,Credit Card,5.0
2021-04-17,56-65,MI,Male,Low,Others,Electronics,Smartphones,Samsung,Galaxy Z Fold 5,1629.0,1500.0,1.0,14.0,1629.0,11.0,119.0,Debit Card,5.0
2021-04-17,66+,NY,Other,High,App,Electronics,Laptops,Dell,Inspiron,976.0,600.0,1.0,2.0,976.0,15.0,361.0,Credit Card,6.0
2021-04-17,18-25,CA,Male,High,Organic,Electronics,Smartphones,Apple,iPhone 14,886.0,700.0,3.0,14.0,2658.0,18.0,540.0,Credit Card,4.0
2021-04-17,66+,PA,Female,Middle,App,Electronics,Smartphones,Samsung,Galaxy Z Fold 5,1858.0,1500.0,3.0,5.0,5574.0,21.0,1053.0,Digital Wallet,6.0
2021-04-17,36-45,FL,Male,High,Organic,Clothing,Jeans,Wrangler,Authentics,40.0,30.0,3.0,18.0,121.0,9.0,22.0,Digital Wallet,5.0
2021-04-17,66+,MI,Male,Middle,Email,Home,Furniture,IKEA,Kallax Shelf,76.0,60.0,2.0,1.0,152.0,28.0,4.0,Digital Wallet,7.0
2021-04-17,36-45,MI,Female,Low,App,Electronics,Laptops,HP,Envy,1020.0,700.0,2.0,2.0,2039.0,23.0,616.0,BNPL,5.0
2021-04-17,26-35,GA,Female,Low,Organic,Home,Beds,Tempur-Pedic,Cloud Supreme,2182.0,1800.0,2.0,1.0,4363.0,29.0,734.0,BNPL,5.0
2021-04-17,36-45,CA,Other,Low,App,Beauty,Skincare,Neutrogena,Hydro Boost Gel,24.0,20.0,5.0,12.0,119.0,4.0,15.0,Digital Wallet,3.0
2021-04-17,18-25,NY,Female,Middle,Organic,Electronics,Laptops,Apple Laptop,MacBook Air M2,1285.0,1000.0,2.0,4.0,2570.0,24.0,546.0,Debit Card,4.0
2021-04-17,18-25,PA,Male,High,Organic,Clothing,Jeans,Levis,501 Original,76.0,60.0,2.0,19.0,152.0,7.0,25.0,Debit Card,4.0
2021-04-17,66+,FL,Male,Low,Others,Home,Beds,Serta,Perfect Sleeper,953.0,750.0,2.0,4.0,1906.0,31.0,375.0,Credit Card,5.0
2021-04-17,46-55,GA,Male,Middle,Organic,Home,Furniture,IKEA,Kallax Shelf,74.0,60.0,2.0,2.0,148.0,24.0,3.0,Digital Wallet,6.0
2021-04-17,56-65,MI,Male,High,PPC,Clothing,Jeans,Wrangler,Regular Fit,53.0,35.0,2.0,16.0,105.0,8.0,27.0,Credit Card,5.0
2021-04-17,18-25,TX,Other,Low,Affiliates,Beauty,Makeup,Maybelline,Fit Me Foundation,18.0,15.0,5.0,9.0,91.0,5.0,11.0,Debit Card,5.0
2021-04-17,56-65,CA,Female,Low,PPC,Clothing,T-Shirts,Adidas,Performance,53.0,45.0,6.0,18.0,316.0,7.0,38.0,Credit Card,6.0
2021-04-17,56-65,GA,Female,Low,PPC,Home,Beds,Tempur-Pedic,Cloud Supreme,2167.0,1800.0,2.0,4.0,4335.0,29.0,706.0,BNPL,4.0
2021-04-17,56-65,MI,Male,Middle,App,Electronics,Smartphones,Apple,iPhone 14,951.0,700.0,1.0,11.0,951.0,11.0,240.0,Digital Wallet,4.0
2021-04-17,36-45,CA,Male,Middle,Organic,Home,Furniture,IKEA,Kallax Shelf,82.0,60.0,1.0,2.0,82.0,12.0,10.0,Digital Wallet,3.0
2021-04-17,46-55,CA,Female,Low,Email,Electronics,Smartphones,Apple,iPhone 14,927.0,700.0,1.0,10.0,927.0,6.0,221.0,Digital Wallet,2.0
2021-04-17,56-65,MI,Other,High,Email,Clothing,T-Shirts,Adidas,Essentials,46.0,35.0,5.0,12.0,232.0,10.0,46.0,Digital Wallet,5.0
2021-04-17,36-45,MI,Female,Middle,PPC,Beauty,Makeup,Revlon,PhotoReady Concealer,17.0,12.0,7.0,9.0,121.0,9.0,27.0,Debit Card,7.0
2021-04-17,46-55,NY,Female,High,Email,Electronics,Smartphones,Apple,iPhone 14,967.0,700.0,3.0,5.0,2901.0,23.0,779.0,BNPL,4.0
2021-04-17,66+,FL,Female,Low,PPC,Electronics,Smartphones,Samsung,Galaxy S21,685.0,500.0,2.0,12.0,1371.0,15.0,356.0,Credit Card,4.0
2021-04-17,18-25,TX,Male,Middle,App,Beauty,Skincare,Neutrogena,Rapid Wrinkle Repair,29.0,20.0,1.0,13.0,29.0,3.0,5.0,Debit Card,4.0
2021-04-17,26-35,FL,Male,Low,PPC,Beauty,Skincare,Neutrogena,Hydro Boost Gel,19.0,20.0,5.0,18.0,95.0,7.0,-11.0,Debit Card,4.0
2021-04-17,18-25,CA,Male,Middle,Email,Clothing,T-Shirts,Nike,Dry-FIT,32.0,20.0,1.0,16.0,32.0,3.0,9.0,Debit Card,2.0
2021-04-17,18-25,FL,Male,Low,Others,Home,Furniture,IKEA,Kallax Shelf,68.0,60.0,1.0,4.0,68.0,15.0,-7.0,Credit Card,4.0
2021-04-17,18-25,NC,Male,Middle,Organic,Beauty,Makeup,Maybelline,Lash Sensational Mascara,15.0,10.0,6.0,11.0,87.0,10.0,17.0,Credit Card,5.0
2021-04-17,46-55,TX,Male,Middle,Organic,Electronics,Smartphones,Apple,iPhone 14,895.0,700.0,1.0,11.0,895.0,8.0,187.0,Debit Card,3.0
