TransactionDate,CustomerAgeBucket,State,CustomerGender,CustomerIncomeGroup,MarketChannel,ProductCategory,ProductSubCategory,ProductBrand,ProductName,UnitCost,ProductCost,NumberOfUnits,DiscountRate,TotalCost,ShippingCost,Profit,PaymentMethod,DeliveryTime
2023-10-06,46-55,FL,Male,High,Organic,Electronics,Laptops,Apple Laptop,MacBook Air M2,1151.0,1000.0,2.0,0.56,2303.0,17.0,286.0,Credit Card,6.0
2023-10-06,36-45,CA,Other,Middle,App,Home,Beds,Serta,iComfort,2128.0,1900.0,2.0,1.63,4256.0,22.0,434.0,Debit Card,4.0
2023-10-06,46-55,TX,Other,Middle,PPC,Beauty,Makeup,Maybelline,Fit Me Foundation,16.0,15.0,2.0,1.29,31.0,3.0,-2.0,Credit Card,7.0
2023-10-06,66+,GA,Male,Middle,PPC,Electronics,Smartphones,Apple,iPhone 15,990.0,800.0,3.0,1.27,2969.0,14.0,555.0,Digital Wallet,5.0
2023-10-06,26-35,OH,Other,Middle,App,Clothing,Jeans,Levis,501 Original,74.0,60.0,2.0,0.64,148.0,3.0,25.0,Credit Card,3.0
2023-10-06,18-25,FL,Female,Low,Others,Clothing,Jeans,Wrangler,Authentics,52.0,30.0,3.0,0.9,156.0,5.0,61.0,Digital Wallet,5.0
2023-10-06,46-55,TX,Female,Middle,Others,Beauty,Makeup,Revlon,ColorStay Lipstick,18.0,15.0,3.0,1.32,54.0,3.0,6.0,Credit Card,3.0
2023-10-06,36-45,PA,Female,Middle,Email,Beauty,Makeup,Maybelline,Lash Sensational Mascara,10.0,10.0,1.0,0.8,10.0,3.0,-3.0,BNPL,2.0
2023-10-06,18-25,CA,Female,Low,Organic,Home,Furniture,Ashley Furniture,Sofa,395.0,300.0,1.0,1.79,395.0,8.0,87.0,BNPL,4.0
2023-10-06,26-35,PA,Female,Middle,Organic,Electronics,Laptops,Dell,Inspiron,750.0,600.0,1.0,0.5,750.0,9.0,141.0,BNPL,4.0
2023-10-06,56-65,NY,Female,Low,Organic,Beauty,Makeup,Revlon,ColorStay Lipstick,15.0,15.0,6.0,1.15,89.0,6.0,-8.0,Debit Card,5.0
2023-10-06,36-45,TX,Male,Low,Others,Electronics,Laptops,Apple Laptop,MacBook Pro M3,1600.0,1500.0,1.0,1.11,1600.0,8.0,92.0,Credit Card,2.0
2023-10-06,66+,MI,Male,Low,Affiliates,Clothing,Jeans,Wrangler,Regular Fit,53.0,35.0,6.0,1.11,318.0,11.0,97.0,Credit Card,5.0
2023-10-06,66+,CA,Male,Middle,PPC,Clothing,Jeans,Wrangler,Regular Fit,53.0,35.0,1.0,1.99,53.0,3.0,15.0,Digital Wallet,4.0
2023-10-06,26-35,NC,Other,Middle,Others,Home,Furniture,IKEA,Kallax Shelf,62.0,60.0,2.0,1.68,123.0,24.0,-20.0,Digital Wallet,5.0
2023-10-06,36-45,NC,Female,High,Email,Clothing,Jeans,Levis,Bootcut,106.0,100.0,2.0,0.68,213.0,7.0,6.0,Debit Card,5.0
2023-10-06,18-25,NY,Male,Middle,Email,Clothing,T-Shirts,Nike,Dry-FIT,22.0,20.0,3.0,1.39,66.0,6.0,-0.0,Debit Card,10.0
2023-10-06,66+,CA,Male,Middle,Others,Beauty,Skincare,Neutrogena,Rapid Wrinkle Repair,25.0,20.0,1.0,0.71,25.0,3.0,2.0,Digital Wallet,3.0
2023-10-06,36-45,TX,Male,Low,Affiliates,Home,Beds,Serta,iComfort,2168.0,1900.0,1.0,0.68,2168.0,12.0,256.0,Digital Wallet,3.0
2023-10-06,26-35,PA,Female,High,Affiliates,Beauty,Skincare,Neutrogena,Rapid Wrinkle Repair,25.0,20.0,4.0,1.53,101.0,4.0,17.0,Digital Wallet,4.0
2023-10-06,26-35,TX,Male,Middle,Affiliates,Home,Beds,Tempur-Pedic,Contour Elite,1739.0,1700.0,1.0,0.85,1739.0,12.0,27.0,Credit Card,5.0
2023-10-06,26-35,CA,Male,Middle,Email,Beauty,Makeup,Maybelline,Lash Sensational Mascara,18.0,10.0,5.0,0.88,91.0,3.0,38.0,Digital Wallet,3.0
2023-10-06,26-35,IL,Male,Middle,Organic,Clothing,T-Shirts,Nike,Pro,51.0,30.0,2.0,1.49,101.0,4.0,37.0,Debit Card,3.0
2023-10-06,26-35,IL,Male,Middle,Email,Beauty,Skincare,Neutrogena,Oil-Free Acne Wash,19.0,15.0,3.0,1.35,58.0,4.0,9.0,Debit Card,4.0
2023-10-06,46-55,MI,Male,Middle,Others,Home,Beds,Serta,Perfect Sleeper,820.0,750.0,12.0,1.23,9836.0,146.0,690.0,Credit Card,11.0
2023-10-06,56-65,TX,Male,Middle,Organic,Clothing,T-Shirts,Adidas,Essentials,40.0,35.0,2.0,1.56,81.0,3.0,8.0,Credit Card,6.0
2023-10-06,26-35,TX,Female,Low,App,Electronics,Laptops,Dell,XPS,1429.0,1300.0,1.0,1.78,1429.0,8.0,121.0,Digital Wallet,4.0
2023-10-06,46-55,OH,Male,High,Others,Home,Furniture,IKEA,Billy Bookcase,163.0,100.0,2.0,1.15,326.0,20.0,106.0,BNPL,5.0
2023-10-06,46-55,TX,Female,Low,Affiliates,Beauty,Makeup,Maybelline,Fit Me Foundation,18.0,15.0,3.0,0.68,55.0,3.0,7.0,Credit Card,5.0
2023-10-06,46-55,CA,Male,Middle,Organic,Clothing,Jeans,Levis,Slim Fit,64.0,50.0,2.0,1.34,129.0,3.0,26.0,Digital Wallet,3.0
2023-10-06,18-25,NY,Male,Low,Email,Home,Furniture,Ashley Furniture,Dining Table,282.0,200.0,1.0,0.59,282.0,13.0,69.0,Digital Wallet,4.0
2023-10-06,56-65,CA,Female,High,Organic,Home,Beds,Tempur-Pedic,Cloud Supreme,1736.0,1800.0,2.0,1.18,3472.0,22.0,-150.0,Credit Card,3.0
2023-10-06,56-65,IL,Male,Low,Email,Clothing,Jeans,Levis,501 Original,77.0,60.0,1.0,1.19,77.0,3.0,14.0,Credit Card,2.0
2023-10-06,56-65,TX,Female,Low,Organic,Clothing,T-Shirts,Nike,Dry-FIT,25.0,20.0,2.0,1.86,50.0,3.0,7.0,Credit Card,5.0
2023-10-06,18-25,FL,Male,Low,Affiliates,Clothing,T-Shirts,Adidas,Performance,60.0,45.0,2.0,1.15,121.0,3.0,28.0,Digital Wallet,3.0
2023-10-06,56-65,IL,Other,High,Organic,Home,Beds,Serta,Perfect Sleeper,835.0,750.0,1.0,1.65,835.0,14.0,71.0,Digital Wallet,4.0
2023-10-06,18-25,OH,Other,Low,App,Electronics,Laptops,HP,Envy,913.0,700.0,1.0,0.73,913.0,8.0,205.0,Debit Card,4.0
2023-10-06,18-25,FL,Female,Low,Others,Beauty,Makeup,Maybelline,Fit Me Foundation,25.0,15.0,1.0,1.58,25.0,3.0,7.0,Credit Card,4.0
2023-10-06,36-45,CA,Other,Low,App,Electronics,Smartphones,Apple,iPhone SE,559.0,400.0,3.0,0.93,1677.0,13.0,465.0,Credit Card,4.0
2023-10-06,26-35,IL,Female,Middle,Email,Beauty,Skincare,Neutrogena,Hydro Boost Gel,22.0,20.0,2.0,0.56,45.0,3.0,2.0,Debit Card,3.0
2023-10-06,18-25,CA,Female,Low,Others,Beauty,Makeup,Revlon,ColorStay Lipstick,15.0,15.0,5.0,1.09,77.0,3.0,-1.0,Debit Card,4.0
2023-10-06,56-65,GA,Female,Low,Organic,Electronics,Smartphones,Apple,iPhone SE,518.0,400.0,3.0,0.92,1553.0,14.0,340.0,Digital Wallet,5.0
2023-10-06,26-35,TX,Female,High,Affiliates,Clothing,Jeans,Wrangler,Regular Fit,50.0,35.0,1.0,1.27,50.0,3.0,12.0,Debit Card,5.0
2023-10-06,18-25,MI,Male,Middle,Organic,Electronics,Smartphones,Samsung,Galaxy A32,304.0,250.0,2.0,1.76,607.0,12.0,95.0,Digital Wallet,3.0
2023-10-06,56-65,IL,Female,Middle,Organic,Beauty,Makeup,Maybelline,Fit Me Foundation,19.0,15.0,15.0,1.74,285.0,11.0,49.0,Credit Card,10.0
2023-10-06,26-35,TX,Female,Low,Organic,Electronics,Smartphones,Samsung,Galaxy Z Fold 5,1607.0,1500.0,1.0,0.88,1607.0,5.0,102.0,Debit Card,3.0
2023-10-06,66+,CA,Male,Middle,App,Electronics,Smartphones,Samsung,Galaxy S21,629.0,500.0,1.0,0.55,629.0,3.0,126.0,Debit Card,3.0
2023-10-06,26-35,TX,Other,Middle,Organic,Clothing,T-Shirts,Nike,Sportswear,36.0,25.0,5.0,1.62,182.0,6.0,51.0,Credit Card,6.0
2023-10-06,46-55,OH,Female,High,Others,Beauty,Makeup,Maybelline,Fit Me Foundation,20.0,15.0,2.0,1.17,40.0,3.0,7.0,Digital Wallet,5.0
2023-10-06,46-55,TX,Female,Middle,Affiliates,Electronics,Laptops,Apple Laptop,MacBook Air M1,981.0,900.0,1.0,1.33,981.0,8.0,73.0,Debit Card,6.0
2023-10-06,26-35,TX,Female,Middle,Email,Electronics,Laptops,Dell,Inspiron,729.0,600.0,1.0,1.55,729.0,8.0,121.0,Digital Wallet,2.0
2023-10-06,36-45,CA,Male,Low,App,Clothing,Jeans,Wrangler,Authentics,53.0,30.0,2.0,0.62,107.0,3.0,44.0,BNPL,4.0
2023-10-06,26-35,FL,Other,Middle,Affiliates,Beauty,Makeup,Revlon,ColorStay Lipstick,18.0,15.0,3.0,1.35,55.0,3.0,7.0,Digital Wallet,3.0
2023-10-06,66+,CA,Female,Middle,App,Home,Furniture,IKEA,Billy Bookcase,132.0,100.0,1.0,1.24,132.0,8.0,25.0,Digital Wallet,3.0
2023-10-06,18-25,GA,Female,Middle,Email,Home,Beds,Tempur-Pedic,Contour Elite,1758.0,1700.0,2.0,1.88,3515.0,23.0,93.0,Credit Card,10.0
2023-10-06,18-25,IL,Female,High,Email,Beauty,Makeup,Revlon,ColorStay Lipstick,23.0,15.0,1.0,1.71,23.0,3.0,5.0,Credit Card,3.0
2023-10-06,18-25,FL,Male,Low,Organic,Electronics,Smartphones,Apple,iPhone SE,576.0,400.0,2.0,1.18,1152.0,11.0,341.0,Debit Card,4.0
2023-10-06,56-65,OH,Male,High,Organic,Clothing,Jeans,Levis,501 Original,76.0,60.0,3.0,1.28,229.0,5.0,44.0,Debit Card,3.0
2023-10-06,36-45,MI,Male,Middle,PPC,Home,Furniture,IKEA,Kallax Shelf,55.0,60.0,2.0,1.96,111.0,22.0,-31.0,Credit Card,5.0
2023-10-06,26-35,OH,Female,Low,Affiliates,Beauty,Skincare,Neutrogena,Oil-Free Acne Wash,17.0,15.0,4.0,0.51,70.0,3.0,7.0,Digital Wallet,3.0
2023-10-06,46-55,IL,Other,Low,App,Electronics,Laptops,HP,Envy,856.0,700.0,2.0,0.74,1711.0,18.0,294.0,Debit Card,4.0
2023-10-06,56-65,PA,Female,Low,Organic,Beauty,Makeup,Revlon,PhotoReady Concealer,16.0,12.0,2.0,1.33,33.0,3.0,6.0,Digital Wallet,3.0
2023-10-06,46-55,CA,Other,Low,Email,Clothing,T-Shirts,Nike,Sportswear,34.0,25.0,1.0,1.22,34.0,3.0,6.0,Digital Wallet,4.0
2023-10-06,36-45,PA,Female,Low,Others,Clothing,Jeans,Levis,501 Original,69.0,60.0,1.0,1.54,69.0,3.0,6.0,BNPL,3.0
2023-10-06,18-25,IL,Other,Middle,App,Clothing,T-Shirts,Nike,Sportswear,37.0,25.0,2.0,1.35,75.0,4.0,21.0,Digital Wallet,6.0
2023-10-06,56-65,PA,Male,Middle,Email,Home,Furniture,IKEA,Billy Bookcase,117.0,100.0,2.0,0.56,233.0,21.0,12.0,Digital Wallet,5.0
2023-10-06,26-35,CA,Male,Low,Others,Electronics,Smartphones,Samsung,Galaxy S21,675.0,500.0,7.0,1.35,4723.0,33.0,1190.0,Debit Card,6.0
2023-10-06,26-35,PA,Female,High,Email,Clothing,Jeans,Levis,Bootcut,114.0,100.0,3.0,1.34,341.0,6.0,35.0,Credit Card,4.0
2023-10-06,36-45,NY,Female,Middle,Affiliates,Beauty,Makeup,Revlon,ColorStay Lipstick,20.0,15.0,4.0,1.61,81.0,5.0,16.0,Debit Card,4.0
2023-10-06,56-65,TX,Female,Middle,App,Beauty,Skincare,Neutrogena,Oil-Free Acne Wash,18.0,15.0,2.0,0.73,37.0,3.0,4.0,Credit Card,3.0
2023-10-06,26-35,TX,Other,Low,Email,Clothing,T-Shirts,Nike,Dry-FIT,27.0,20.0,2.0,0.61,55.0,3.0,12.0,Credit Card,3.0
2023-10-06,46-55,NC,Male,High,App,Clothing,Jeans,Wrangler,Authentics,54.0,30.0,2.0,1.06,108.0,7.0,41.0,BNPL,5.0
2023-10-06,26-35,PA,Male,Middle,Organic,Clothing,T-Shirts,Adidas,Performance,70.0,45.0,4.0,0.75,282.0,6.0,96.0,Digital Wallet,5.0
2023-10-06,46-55,GA,Other,Middle,Email,Home,Furniture,IKEA,Billy Bookcase,125.0,100.0,1.0,1.97,125.0,9.0,16.0,Debit Card,4.0
2023-10-06,18-25,NY,Male,Middle,App,Home,Furniture,IKEA,Billy Bookcase,148.0,100.0,1.0,1.41,148.0,13.0,35.0,Digital Wallet,6.0
2023-10-06,18-25,FL,Other,High,App,Clothing,T-Shirts,Nike,Dry-FIT,22.0,20.0,3.0,1.78,65.0,4.0,1.0,Debit Card,3.0
2023-10-06,36-45,NY,Female,Middle,Others,Clothing,Jeans,Levis,Slim Fit,67.0,50.0,3.0,1.85,201.0,7.0,44.0,Digital Wallet,5.0
2023-10-06,26-35,NY,Female,Middle,PPC,Clothing,T-Shirts,Nike,Dry-FIT,34.0,20.0,1.0,0.55,34.0,4.0,10.0,BNPL,5.0
2023-10-06,46-55,CA,Other,Middle,Email,Home,Beds,Serta,Perfect Sleeper,855.0,750.0,1.0,1.16,855.0,10.0,95.0,Debit Card,4.0
2023-10-06,26-35,TX,Female,High,App,Beauty,Skincare,Neutrogena,Hydro Boost Gel,21.0,20.0,4.0,0.66,83.0,3.0,-0.0,Debit Card,4.0
2023-10-06,46-55,FL,Male,Middle,Organic,Clothing,Jeans,Wrangler,Regular Fit,59.0,35.0,1.0,1.5,59.0,3.0,21.0,BNPL,4.0
2023-10-06,26-35,TX,Male,Middle,Organic,Electronics,Smartphones,Samsung,Galaxy A32,352.0,250.0,2.0,1.79,705.0,10.0,195.0,BNPL,3.0
2023-10-06,26-35,CA,Male,Middle,Email,Home,Beds,Tempur-Pedic,Cloud Supreme,1913.0,1800.0,2.0,0.53,3825.0,22.0,203.0,BNPL,3.0
2023-10-06,66+,OH,Female,Middle,Others,Clothing,T-Shirts,Adidas,Performance,55.0,45.0,1.0,1.19,55.0,3.0,7.0,Digital Wallet,2.0
2023-10-06,56-65,IL,Other,High,Organic,Home,Furniture,IKEA,Billy Bookcase,156.0,100.0,1.0,1.49,156.0,12.0,44.0,Debit Card,4.0
2023-10-06,56-65,CA,Male,Low,Others,Electronics,Smartphones,Samsung,Galaxy A32,373.0,250.0,11.0,1.08,4105.0,53.0,1302.0,Debit Card,7.0
2023-10-06,46-55,TX,Female,Middle,Organic,Electronics,Laptops,Apple Laptop,MacBook Pro M2,1230.0,1200.0,2.0,1.11,2461.0,16.0,45.0,Credit Card,5.0
2023-10-06,36-45,PA,Female,Middle,Organic,Clothing,Jeans,Wrangler,Authentics,45.0,30.0,2.0,1.44,91.0,4.0,26.0,Credit Card,3.0
2023-10-06,56-65,CA,Female,High,Others,Clothing,Jeans,Wrangler,Authentics,45.0,30.0,3.0,0.91,135.0,3.0,42.0,Digital Wallet,4.0
2023-10-06,56-65,PA,Male,Middle,App,Clothing,Jeans,Wrangler,Authentics,43.0,30.0,2.0,1.52,85.0,4.0,21.0,Credit Card,4.0
2023-10-06,18-25,CA,Female,High,Email,Clothing,T-Shirts,Adidas,Performance,62.0,45.0,2.0,1.66,124.0,3.0,31.0,Digital Wallet,2.0
2023-10-06,56-65,TX,Other,Middle,App,Home,Furniture,IKEA,Billy Bookcase,142.0,100.0,1.0,1.85,142.0,10.0,33.0,Digital Wallet,3.0
2023-10-06,26-35,TX,Female,Middle,Organic,Clothing,Jeans,Levis,Bootcut,105.0,100.0,3.0,1.68,315.0,4.0,11.0,Credit Card,4.0
2023-10-06,36-45,NC,Male,High,PPC,Clothing,T-Shirts,Nike,Dry-FIT,30.0,20.0,5.0,1.65,148.0,10.0,38.0,Digital Wallet,7.0
2023-10-06,46-55,NC,Male,Middle,Affiliates,Beauty,Skincare,Neutrogena,Rapid Wrinkle Repair,20.0,20.0,2.0,0.87,39.0,5.0,-6.0,Digital Wallet,4.0
2023-10-06,66+,MI,Male,Low,Email,Beauty,Makeup,Maybelline,Fit Me Foundation,24.0,15.0,3.0,0.92,73.0,4.0,24.0,Digital Wallet,4.0
2023-10-06,46-55,CA,Female,High,Organic,Clothing,Jeans,Levis,Bootcut,100.0,100.0,3.0,0.81,301.0,3.0,-2.0,Debit Card,6.0
2023-10-06,56-65,CA,Other,Low,PPC,Clothing,T-Shirts,Nike,Sportswear,37.0,25.0,1.0,1.74,37.0,3.0,9.0,Digital Wallet,2.0
2023-10-06,26-35,CA,Female,Low,Affiliates,Electronics,Smartphones,Apple,iPhone 15,967.0,800.0,12.0,1.02,11606.0,58.0,1949.0,Debit Card,9.0
2023-10-06,18-25,FL,Other,High,App,Electronics,Smartphones,Apple,iPhone 15,988.0,800.0,2.0,1.88,1976.0,11.0,365.0,Debit Card,4.0
2023-10-06,46-55,FL,Female,Middle,App,Beauty,Makeup,Maybelline,Lash Sensational Mascara,15.0,10.0,4.0,1.0,62.0,3.0,19.0,Debit Card,8.0
2023-10-06,18-25,FL,Male,High,Email,Beauty,Makeup,Revlon,PhotoReady Concealer,15.0,12.0,4.0,1.79,61.0,3.0,10.0,Credit Card,6.0
2023-10-06,26-35,OH,Male,Low,PPC,Beauty,Makeup,Maybelline,Fit Me Foundation,18.0,15.0,1.0,0.97,18.0,3.0,0.0,Debit Card,2.0
2023-10-06,18-25,CA,Female,Middle,Organic,Clothing,Jeans,Levis,501 Original,75.0,60.0,2.0,0.6,149.0,3.0,26.0,Credit Card,3.0
2023-10-06,46-55,TX,Male,Middle,Others,Home,Beds,Serta,Perfect Sleeper,851.0,750.0,1.0,0.71,851.0,12.0,90.0,Digital Wallet,7.0
2023-10-06,46-55,TX,Male,High,Email,Electronics,Smartphones,Samsung,Galaxy S21,747.0,500.0,2.0,1.2,1493.0,10.0,484.0,Credit Card,5.0
2023-10-06,18-25,IL,Female,Middle,Organic,Beauty,Skincare,Neutrogena,Rapid Wrinkle Repair,26.0,20.0,3.0,0.64,78.0,4.0,14.0,Digital Wallet,4.0
2023-10-06,46-55,FL,Female,High,Others,Electronics,Smartphones,Apple,iPhone 14,854.0,700.0,1.0,1.99,854.0,6.0,148.0,Credit Card,3.0
2023-10-06,18-25,TX,Female,Middle,App,Clothing,T-Shirts,Adidas,Performance,67.0,45.0,4.0,1.87,268.0,4.0,83.0,Credit Card,4.0
2023-10-06,26-35,MI,Male,Middle,Organic,Home,Beds,Tempur-Pedic,Cloud Supreme,1785.0,1800.0,2.0,0.55,3569.0,26.0,-57.0,Debit Card,5.0
2023-10-06,66+,NY,Other,Middle,Others,Clothing,Jeans,Levis,Slim Fit,65.0,50.0,2.0,0.93,129.0,6.0,24.0,Digital Wallet,4.0
2023-10-06,26-35,NY,Female,Low,Organic,Home,Furniture,IKEA,Billy Bookcase,140.0,100.0,1.0,1.86,140.0,13.0,27.0,Digital Wallet,6.0
2023-10-06,18-25,NC,Other,Low,Others,Electronics,Smartphones,Apple,iPhone 14,896.0,700.0,3.0,1.09,2688.0,19.0,569.0,Credit Card,5.0
2023-10-06,26-35,NY,Other,Middle,Affiliates,Beauty,Makeup,Maybelline,Fit Me Foundation,13.0,15.0,3.0,1.27,40.0,4.0,-10.0,Digital Wallet,5.0
2023-10-06,18-25,CA,Female,Middle,Email,Electronics,Smartphones,Apple,iPhone SE,512.0,400.0,1.0,1.59,512.0,3.0,109.0,Debit Card,2.0
2023-10-06,26-35,PA,Other,Low,Email,Clothing,Jeans,Levis,Slim Fit,65.0,50.0,1.0,1.3,65.0,3.0,12.0,Credit Card,4.0
2023-10-06,36-45,FL,Male,Middle,PPC,Home,Beds,Tempur-Pedic,Contour Elite,1722.0,1700.0,1.0,1.61,1722.0,13.0,9.0,Debit Card,4.0
2023-10-06,36-45,CA,Male,High,Organic,Clothing,T-Shirts,Adidas,Performance,66.0,45.0,5.0,1.88,330.0,4.0,102.0,Digital Wallet,4.0
2023-10-06,26-35,FL,Other,Low,Others,Clothing,Jeans,Levis,Bootcut,100.0,100.0,2.0,0.86,200.0,4.0,-4.0,Debit Card,5.0
2023-10-06,56-65,NY,Male,High,PPC,Clothing,T-Shirts,Nike,Pro,44.0,30.0,4.0,0.85,178.0,7.0,50.0,Digital Wallet,5.0
2023-10-06,18-25,CA,Male,Middle,App,Electronics,Smartphones,Samsung,Galaxy A32,337.0,250.0,2.0,1.08,673.0,8.0,166.0,Digital Wallet,3.0
2023-10-06,26-35,TX,Male,Middle,PPC,Home,Furniture,IKEA,Kallax Shelf,67.0,60.0,2.0,1.21,134.0,20.0,-6.0,Digital Wallet,4.0
2023-10-06,66+,NY,Other,Middle,Organic,Clothing,T-Shirts,Adidas,Performance,71.0,45.0,4.0,1.3,285.0,7.0,97.0,Debit Card,4.0
2023-10-06,56-65,NY,Female,High,Organic,Clothing,Jeans,Wrangler,Authentics,44.0,30.0,2.0,1.06,88.0,6.0,23.0,Debit Card,3.0
2023-10-06,26-35,FL,Female,Low,Organic,Home,Beds,Tempur-Pedic,Contour Elite,1710.0,1700.0,1.0,1.43,1710.0,13.0,-2.0,Credit Card,4.0
2023-10-06,66+,FL,Female,Middle,PPC,Home,Furniture,Ashley Furniture,Dining Table,353.0,200.0,2.0,1.51,706.0,21.0,285.0,Digital Wallet,3.0
2023-10-06,66+,NY,Female,Low,App,Home,Beds,Tempur-Pedic,Cloud Supreme,1794.0,1800.0,2.0,0.8,3588.0,27.0,-38.0,Credit Card,5.0
2023-10-06,36-45,FL,Male,Middle,Affiliates,Electronics,Smartphones,Apple,iPhone SE,503.0,400.0,2.0,0.96,1005.0,11.0,195.0,Credit Card,3.0
2023-10-06,26-35,FL,Female,Middle,Affiliates,Home,Furniture,IKEA,Kallax Shelf,65.0,60.0,1.0,0.96,65.0,11.0,-6.0,Credit Card,5.0
2023-10-06,26-35,FL,Female,High,App,Home,Beds,Tempur-Pedic,Contour Elite,1748.0,1700.0,1.0,0.69,1748.0,13.0,36.0,Digital Wallet,4.0
2023-10-06,66+,CA,Female,Middle,Organic,Electronics,Smartphones,Apple,iPhone SE,555.0,400.0,2.0,1.56,1110.0,8.0,303.0,Debit Card,4.0
2023-10-06,36-45,MI,Female,Middle,App,Electronics,Smartphones,Apple,iPhone 15,979.0,800.0,3.0,0.55,2938.0,17.0,520.0,Digital Wallet,5.0
2023-10-06,46-55,TX,Female,Middle,Affiliates,Electronics,Smartphones,Apple,iPhone 15,959.0,800.0,3.0,1.33,2878.0,15.0,463.0,BNPL,4.0
2023-10-06,66+,PA,Male,Middle,Others,Home,Beds,Tempur-Pedic,Contour Elite,1710.0,1700.0,1.0,0.56,1710.0,13.0,-4.0,Digital Wallet,5.0
2023-10-06,56-65,NY,Other,Low,App,Clothing,T-Shirts,Adidas,Essentials,33.0,35.0,3.0,0.81,100.0,6.0,-11.0,BNPL,5.0
2023-10-06,18-25,FL,Male,Middle,Others,Clothing,T-Shirts,Nike,Sportswear,35.0,25.0,1.0,0.56,35.0,3.0,7.0,Debit Card,4.0
2023-10-06,26-35,IL,Other,High,Organic,Electronics,Laptops,HP,Envy,858.0,700.0,1.0,0.67,858.0,10.0,148.0,Debit Card,4.0
2023-10-06,36-45,NY,Male,Low,Organic,Electronics,Laptops,Apple Laptop,MacBook Pro M3,1596.0,1500.0,1.0,1.38,1596.0,11.0,86.0,Digital Wallet,5.0
2023-10-06,18-25,GA,Other,Middle,PPC,Clothing,Jeans,Levis,501 Original,79.0,60.0,1.0,1.75,79.0,3.0,16.0,Digital Wallet,3.0
2023-10-06,46-55,CA,Female,Middle,App,Beauty,Makeup,Maybelline,Fit Me Foundation,20.0,15.0,4.0,1.02,80.0,3.0,17.0,Debit Card,3.0
2023-10-06,18-25,OH,Other,High,PPC,Clothing,Jeans,Wrangler,Authentics,42.0,30.0,1.0,1.06,42.0,3.0,9.0,Debit Card,2.0
2023-10-06,26-35,OH,Male,High,Organic,Clothing,Jeans,Wrangler,Authentics,45.0,30.0,2.0,1.98,91.0,3.0,28.0,Digital Wallet,3.0
2023-10-06,26-35,IL,Other,Low,PPC,Home,Beds,Serta,iComfort,2075.0,1900.0,2.0,0.84,4150.0,26.0,324.0,Credit Card,6.0
2023-10-06,26-35,FL,Female,Low,Organic,Electronics,Laptops,HP,Pavilion,699.0,600.0,1.0,0.67,699.0,9.0,91.0,Digital Wallet,2.0
2023-10-06,36-45,NY,Male,Low,PPC,Beauty,Makeup,Revlon,PhotoReady Concealer,19.0,12.0,3.0,0.63,57.0,4.0,17.0,Debit Card,6.0
2023-10-06,56-65,TX,Male,Middle,Organic,Electronics,Smartphones,Samsung,Galaxy S21,692.0,500.0,2.0,1.57,1383.0,10.0,374.0,BNPL,4.0
2023-10-06,56-65,PA,Male,Middle,App,Electronics,Smartphones,Apple,iPhone 14,898.0,700.0,2.0,1.77,1796.0,11.0,384.0,Digital Wallet,4.0
2023-10-06,56-65,NC,Male,Middle,PPC,Beauty,Makeup,Revlon,PhotoReady Concealer,20.0,12.0,3.0,1.74,59.0,5.0,17.0,Credit Card,5.0
2023-10-06,36-45,PA,Other,Middle,PPC,Beauty,Makeup,Maybelline,Fit Me Foundation,10.0,15.0,5.0,0.67,51.0,4.0,-28.0,Credit Card,8.0
2023-10-06,36-45,IL,Other,High,Email,Beauty,Makeup,Maybelline,Lash Sensational Mascara,16.0,10.0,1.0,0.76,16.0,3.0,3.0,Credit Card,3.0
2023-10-06,18-25,TX,Male,Low,App,Clothing,Jeans,Levis,501 Original,72.0,60.0,3.0,1.87,215.0,4.0,31.0,Credit Card,4.0
2023-10-06,18-25,CA,Other,Low,App,Clothing,Jeans,Levis,501 Original,78.0,60.0,3.0,0.72,233.0,3.0,50.0,Digital Wallet,3.0
2023-10-06,36-45,NY,Female,Middle,Email,Home,Beds,Tempur-Pedic,Cloud Supreme,1745.0,1800.0,1.0,1.72,1745.0,15.0,-70.0,Credit Card,5.0
2023-10-06,56-65,FL,Female,Middle,Others,Clothing,T-Shirts,Adidas,Performance,65.0,45.0,4.0,1.64,260.0,5.0,75.0,Debit Card,6.0
2023-10-06,36-45,NC,Male,Low,Email,Beauty,Skincare,Neutrogena,Rapid Wrinkle Repair,30.0,20.0,2.0,1.08,61.0,5.0,16.0,Digital Wallet,5.0
2023-10-06,36-45,CA,Male,Middle,Organic,Clothing,T-Shirts,Nike,Dry-FIT,19.0,20.0,3.0,1.32,57.0,3.0,-6.0,Debit Card,4.0
2023-10-06,36-45,IL,Female,Middle,Email,Electronics,Smartphones,Apple,iPhone 14,884.0,700.0,1.0,0.81,884.0,7.0,178.0,Digital Wallet,3.0
2023-10-06,36-45,FL,Male,Middle,Organic,Clothing,T-Shirts,Adidas,Performance,76.0,45.0,1.0,1.67,76.0,3.0,28.0,BNPL,3.0
2023-10-06,26-35,TX,Male,Middle,Organic,Clothing,T-Shirts,Nike,Sportswear,40.0,25.0,1.0,0.54,40.0,3.0,12.0,Credit Card,3.0
2023-10-06,46-55,IL,Other,Low,Organic,Home,Furniture,IKEA,Billy Bookcase,147.0,100.0,2.0,0.59,293.0,22.0,72.0,Digital Wallet,7.0
2023-10-06,26-35,IL,Female,Low,Others,Home,Furniture,IKEA,Billy Bookcase,145.0,100.0,2.0,1.95,290.0,22.0,68.0,Digital Wallet,4.0
2023-10-06,18-25,NY,Female,Low,Affiliates,Electronics,Smartphones,Apple,iPhone 14,903.0,700.0,1.0,1.78,903.0,8.0,195.0,Credit Card,3.0
2023-10-06,36-45,TX,Other,Middle,Organic,Clothing,T-Shirts,Nike,Sportswear,38.0,25.0,1.0,1.31,38.0,3.0,10.0,Digital Wallet,5.0
2023-10-06,46-55,CA,Male,Middle,Others,Clothing,T-Shirts,Nike,Dry-FIT,33.0,20.0,5.0,1.85,163.0,4.0,60.0,Credit Card,3.0
2023-10-06,46-55,NY,Male,Middle,Affiliates,Home,Furniture,Ashley Furniture,Dining Table,285.0,200.0,1.0,1.61,285.0,13.0,73.0,Debit Card,4.0
2023-10-06,18-25,TX,Female,Middle,Organic,Electronics,Smartphones,Apple,iPhone SE,581.0,400.0,2.0,0.62,1162.0,10.0,353.0,Debit Card,4.0
2023-10-06,36-45,OH,Male,Middle,Others,Beauty,Skincare,Neutrogena,Hydro Boost Gel,21.0,20.0,2.0,1.25,43.0,3.0,-0.0,Debit Card,5.0
2023-10-06,36-45,IL,Female,Low,Email,Beauty,Makeup,Maybelline,Fit Me Foundation,19.0,15.0,3.0,0.53,57.0,3.0,8.0,Credit Card,4.0
2023-10-06,66+,FL,Male,Low,App,Beauty,Makeup,Maybelline,Fit Me Foundation,21.0,15.0,1.0,1.06,21.0,3.0,3.0,Credit Card,4.0
2023-10-06,36-45,PA,Female,Middle,Organic,Beauty,Makeup,Maybelline,Fit Me Foundation,20.0,15.0,5.0,0.99,99.0,4.0,20.0,Credit Card,6.0
2023-10-06,46-55,OH,Male,Low,App,Clothing,Jeans,Wrangler,Authentics,34.0,30.0,2.0,1.52,69.0,3.0,6.0,Debit Card,3.0
2023-10-06,26-35,CA,Male,Middle,Email,Home,Furniture,IKEA,Billy Bookcase,140.0,100.0,2.0,1.87,279.0,18.0,61.0,Digital Wallet,4.0
2023-10-06,36-45,CA,Male,Middle,Others,Home,Furniture,IKEA,Kallax Shelf,60.0,60.0,10.0,1.95,604.0,98.0,-93.0,Credit Card,8.0
2023-10-06,56-65,GA,Female,High,Affiliates,Home,Beds,Tempur-Pedic,Contour Elite,1763.0,1700.0,1.0,1.86,1763.0,11.0,53.0,Digital Wallet,6.0
2023-10-06,26-35,IL,Other,High,Organic,Clothing,T-Shirts,Nike,Sportswear,32.0,25.0,1.0,1.79,32.0,3.0,4.0,Credit Card,6.0
2023-10-06,18-25,TX,Other,Low,Organic,Home,Furniture,IKEA,Billy Bookcase,123.0,100.0,2.0,0.99,247.0,20.0,27.0,Credit Card,5.0
2023-10-06,26-35,CA,Male,Middle,Affiliates,Clothing,Jeans,Levis,501 Original,76.0,60.0,5.0,1.93,382.0,5.0,77.0,Digital Wallet,5.0
2023-10-06,26-35,PA,Male,Low,Organic,Beauty,Makeup,Maybelline,Fit Me Foundation,18.0,15.0,2.0,0.84,35.0,3.0,2.0,BNPL,3.0
2023-10-06,26-35,MI,Male,Low,Email,Beauty,Skincare,Neutrogena,Oil-Free Acne Wash,15.0,15.0,1.0,1.8,15.0,3.0,-3.0,Credit Card,4.0
2023-10-06,26-35,PA,Male,Low,Others,Home,Beds,Serta,iComfort,2123.0,1900.0,2.0,1.97,4246.0,25.0,421.0,Digital Wallet,4.0
2023-10-06,26-35,TX,Female,High,Others,Clothing,T-Shirts,Nike,Sportswear,31.0,25.0,3.0,1.9,93.0,3.0,14.0,Credit Card,5.0
2023-10-06,36-45,OH,Female,Middle,PPC,Clothing,Jeans,Levis,Bootcut,96.0,100.0,2.0,1.9,192.0,3.0,-11.0,Digital Wallet,4.0
2023-10-06,36-45,TX,Other,High,PPC,Clothing,Jeans,Levis,Bootcut,115.0,100.0,2.0,0.62,230.0,3.0,27.0,Credit Card,4.0
2023-10-06,18-25,MI,Female,High,Affiliates,Clothing,Jeans,Levis,501 Original,87.0,60.0,1.0,1.75,87.0,4.0,24.0,BNPL,6.0
2023-10-06,46-55,NY,Other,Middle,Affiliates,Home,Beds,Tempur-Pedic,Contour Elite,1794.0,1700.0,2.0,0.8,3589.0,27.0,162.0,Credit Card,4.0
2023-10-06,36-45,TX,Other,Low,Organic,Home,Beds,Serta,iComfort,2057.0,1900.0,2.0,0.86,4114.0,24.0,290.0,Credit Card,6.0
2023-10-06,66+,MI,Female,Middle,Organic,Electronics,Laptops,Apple Laptop,MacBook Pro M2,1280.0,1200.0,1.0,1.49,1280.0,10.0,70.0,Debit Card,5.0
2023-10-06,26-35,FL,Male,Middle,Organic,Clothing,T-Shirts,Nike,Dry-FIT,23.0,20.0,3.0,1.59,68.0,4.0,4.0,Digital Wallet,4.0
2023-10-06,36-45,MI,Female,Middle,Email,Clothing,Jeans,Levis,501 Original,81.0,60.0,1.0,1.11,81.0,4.0,18.0,Digital Wallet,3.0
2023-10-06,18-25,FL,Female,Low,PPC,Beauty,Makeup,Revlon,ColorStay Lipstick,15.0,15.0,2.0,1.55,30.0,3.0,-3.0,Debit Card,3.0
2023-10-06,46-55,NY,Female,High,App,Home,Furniture,IKEA,Kallax Shelf,95.0,60.0,2.0,1.3,189.0,23.0,47.0,Credit Card,5.0
2023-10-06,18-25,TX,Female,High,Organic,Home,Furniture,IKEA,Billy Bookcase,150.0,100.0,2.0,1.28,301.0,20.0,81.0,Credit Card,4.0
2023-10-06,56-65,GA,Female,High,Affiliates,Beauty,Makeup,Maybelline,Lash Sensational Mascara,10.0,10.0,4.0,0.55,40.0,3.0,-3.0,Digital Wallet,4.0
2023-10-06,26-35,OH,Male,Low,Organic,Beauty,Skincare,Neutrogena,Oil-Free Acne Wash,22.0,15.0,4.0,1.72,89.0,3.0,26.0,Credit Card,3.0
2023-10-06,26-35,CA,Male,Middle,Affiliates,Clothing,T-Shirts,Nike,Sportswear,36.0,25.0,2.0,1.24,71.0,3.0,18.0,Debit Card,2.0
2023-10-06,56-65,TX,Female,Middle,Affiliates,Clothing,T-Shirts,Adidas,Essentials,49.0,35.0,10.0,1.48,487.0,12.0,126.0,Digital Wallet,7.0
2023-10-06,18-25,FL,Other,Low,Organic,Electronics,Smartphones,Apple,iPhone 14,894.0,700.0,2.0,1.08,1788.0,11.0,377.0,Digital Wallet,2.0
2023-10-06,26-35,FL,Female,Middle,Email,Home,Furniture,IKEA,Kallax Shelf,71.0,60.0,2.0,0.53,143.0,21.0,2.0,Credit Card,5.0
2023-10-06,26-35,CA,Male,Low,App,Clothing,T-Shirts,Nike,Dry-FIT,24.0,20.0,4.0,1.23,96.0,3.0,13.0,Credit Card,3.0
2023-10-06,36-45,TX,Male,High,Others,Clothing,T-Shirts,Nike,Sportswear,36.0,25.0,4.0,0.93,145.0,4.0,40.0,Credit Card,4.0
2023-10-06,26-35,FL,Other,Middle,Affiliates,Electronics,Smartphones,Apple,iPhone 14,919.0,700.0,1.0,0.69,919.0,6.0,214.0,Credit Card,3.0
2023-10-06,66+,FL,Female,Middle,Organic,Beauty,Makeup,Maybelline,Fit Me Foundation,18.0,15.0,6.0,1.55,106.0,4.0,12.0,Credit Card,5.0
2023-10-06,26-35,CA,Female,Low,Email,Beauty,Makeup,Maybelline,Lash Sensational Mascara,13.0,10.0,4.0,0.64,52.0,3.0,9.0,BNPL,3.0
2023-10-06,36-45,TX,Male,Middle,Organic,Clothing,T-Shirts,Adidas,Performance,49.0,45.0,3.0,1.58,148.0,3.0,10.0,Credit Card,5.0
2023-10-06,56-65,TX,Male,Middle,Others,Beauty,Makeup,Revlon,ColorStay Lipstick,20.0,15.0,2.0,1.01,40.0,3.0,7.0,Debit Card,3.0
2023-10-06,26-35,NY,Male,Middle,Email,Clothing,Jeans,Wrangler,Regular Fit,51.0,35.0,2.0,1.23,102.0,6.0,27.0,Digital Wallet,4.0
2023-10-06,66+,GA,Female,Low,Email,Clothing,T-Shirts,Nike,Sportswear,35.0,25.0,5.0,0.63,176.0,5.0,46.0,Digital Wallet,5.0
2023-10-06,46-55,TX,Female,Low,Email,Home,Furniture,IKEA,Billy Bookcase,108.0,100.0,1.0,1.31,108.0,10.0,-2.0,Digital Wallet,4.0
2023-10-06,26-35,TX,Male,High,PPC,Clothing,Jeans,Wrangler,Authentics,43.0,30.0,1.0,1.57,43.0,3.0,10.0,Credit Card,3.0
2023-10-06,36-45,TX,Female,Middle,PPC,Electronics,Smartphones,Samsung,Galaxy A32,305.0,250.0,2.0,1.72,609.0,10.0,100.0,BNPL,5.0
2023-10-06,26-35,CA,Other,High,Organic,Home,Furniture,Ashley Furniture,Bed Frame,250.0,100.0,2.0,1.03,500.0,18.0,283.0,Debit Card,3.0
2023-10-06,26-35,NC,Male,Middle,Organic,Electronics,Laptops,HP,Pavilion,776.0,600.0,1.0,1.37,776.0,12.0,164.0,Digital Wallet,12.0
2023-10-06,36-45,NY,Other,Middle,Affiliates,Electronics,Smartphones,Apple,iPhone SE,494.0,400.0,3.0,1.15,1482.0,18.0,264.0,Debit Card,5.0
2023-10-06,18-25,CA,Other,Middle,Email,Electronics,Smartphones,Apple,iPhone 14,893.0,700.0,1.0,1.85,893.0,3.0,190.0,BNPL,2.0
2023-10-06,46-55,CA,Female,Middle,PPC,Beauty,Skincare,Neutrogena,Oil-Free Acne Wash,16.0,15.0,1.0,0.94,16.0,3.0,-2.0,Credit Card,3.0
2023-10-06,26-35,PA,Female,High,PPC,Electronics,Smartphones,Samsung,Galaxy Z Fold 5,1597.0,1500.0,1.0,0.85,1597.0,6.0,91.0,Debit Card,3.0
2023-10-06,56-65,CA,Male,Middle,Email,Beauty,Makeup,Maybelline,Lash Sensational Mascara,13.0,10.0,3.0,1.57,40.0,3.0,7.0,BNPL,2.0
2023-10-06,26-35,IL,Male,High,Others,Beauty,Skincare,Neutrogena,Hydro Boost Gel,21.0,20.0,3.0,1.92,63.0,4.0,-1.0,Credit Card,3.0
2023-10-06,36-45,NY,Male,High,App,Beauty,Makeup,Maybelline,Lash Sensational Mascara,13.0,10.0,2.0,1.51,26.0,4.0,2.0,Credit Card,4.0
2023-10-06,26-35,NY,Other,Middle,Email,Beauty,Skincare,Neutrogena,Rapid Wrinkle Repair,28.0,20.0,3.0,1.06,84.0,5.0,20.0,Debit Card,3.0
2023-10-06,56-65,TX,Female,Middle,App,Home,Beds,Tempur-Pedic,Contour Elite,1757.0,1700.0,1.0,1.51,1757.0,12.0,46.0,Digital Wallet,3.0
2023-10-06,26-35,NY,Male,Middle,App,Beauty,Makeup,Maybelline,Fit Me Foundation,21.0,15.0,5.0,1.28,103.0,6.0,22.0,Credit Card,6.0
2023-10-06,18-25,OH,Male,Middle,App,Home,Beds,Tempur-Pedic,Contour Elite,1771.0,1700.0,1.0,1.86,1771.0,12.0,59.0,Credit Card,3.0
2023-10-06,36-45,CA,Female,High,Organic,Electronics,Smartphones,Apple,iPhone 14,844.0,700.0,14.0,1.85,11813.0,68.0,1945.0,Credit Card,9.0
2023-10-06,56-65,TX,Male,Middle,Email,Electronics,Smartphones,Samsung,Galaxy S21,680.0,500.0,1.0,0.83,680.0,5.0,175.0,Credit Card,4.0
2023-10-06,18-25,OH,Female,Middle,App,Electronics,Smartphones,Samsung,Galaxy Z Fold 5,1541.0,1500.0,2.0,1.23,3082.0,10.0,72.0,Debit Card,4.0
2023-10-06,18-25,OH,Male,Middle,Others,Clothing,T-Shirts,Nike,Dry-FIT,17.0,20.0,1.0,1.48,17.0,3.0,-6.0,Digital Wallet,3.0
2023-10-06,18-25,TX,Male,High,App,Electronics,Laptops,Dell,Inspiron,752.0,600.0,2.0,0.83,1505.0,16.0,289.0,Debit Card,4.0
2023-10-06,18-25,TX,Female,Middle,Organic,Clothing,Jeans,Levis,501 Original,82.0,60.0,2.0,0.66,164.0,3.0,41.0,Credit Card,4.0
2023-10-06,56-65,FL,Female,Middle,Organic,Home,Furniture,Ashley Furniture,Bed Frame,235.0,100.0,1.0,1.6,235.0,11.0,124.0,Digital Wallet,5.0
2023-10-06,66+,TX,Female,High,Organic,Clothing,Jeans,Levis,501 Original,77.0,60.0,1.0,0.6,77.0,3.0,14.0,Credit Card,4.0
2023-10-06,26-35,MI,Male,Low,Others,Electronics,Smartphones,Samsung,Galaxy A32,311.0,250.0,3.0,1.3,934.0,17.0,167.0,Digital Wallet,14.0
2023-10-06,26-35,TX,Female,Middle,Affiliates,Clothing,T-Shirts,Nike,Pro,49.0,30.0,4.0,0.66,197.0,4.0,72.0,Digital Wallet,4.0
2023-10-06,26-35,IL,Other,Middle,App,Beauty,Skincare,Neutrogena,Hydro Boost Gel,25.0,20.0,1.0,1.22,25.0,3.0,2.0,Debit Card,3.0
2023-10-06,56-65,OH,Male,Low,Affiliates,Beauty,Skincare,Neutrogena,Oil-Free Acne Wash,18.0,15.0,3.0,1.27,55.0,3.0,7.0,Debit Card,3.0
2023-10-06,56-65,NY,Female,High,Others,Electronics,Laptops,Dell,XPS,1409.0,1300.0,2.0,1.0,2817.0,19.0,199.0,Credit Card,3.0
2023-10-06,56-65,CA,Male,Low,App,Electronics,Laptops,Apple Laptop,MacBook Air M1,1036.0,900.0,1.0,1.94,1036.0,6.0,131.0,BNPL,5.0
2023-10-06,26-35,IL,Female,Low,Email,Clothing,Jeans,Wrangler,Authentics,35.0,30.0,1.0,1.92,35.0,3.0,2.0,Credit Card,3.0
2023-10-06,26-35,OH,Female,Low,Organic,Beauty,Makeup,Maybelline,Fit Me Foundation,17.0,15.0,5.0,0.6,87.0,3.0,9.0,Digital Wallet,5.0
2023-10-06,66+,IL,Female,High,Affiliates,Beauty,Makeup,Maybelline,Fit Me Foundation,17.0,15.0,3.0,0.93,51.0,3.0,2.0,Credit Card,5.0
2023-10-06,46-55,TX,Male,Middle,Others,Electronics,Laptops,Dell,XPS,1450.0,1300.0,2.0,1.57,2899.0,16.0,283.0,Credit Card,6.0
2023-10-06,36-45,NY,Male,Low,Affiliates,Clothing,T-Shirts,Nike,Dry-FIT,25.0,20.0,1.0,1.48,25.0,4.0,1.0,Digital Wallet,12.0
2023-10-06,18-25,IL,Male,Middle,Affiliates,Clothing,Jeans,Wrangler,Authentics,43.0,30.0,2.0,1.45,86.0,5.0,21.0,Credit Card,3.0
2023-10-06,36-45,CA,Male,Middle,Affiliates,Home,Furniture,Ashley Furniture,Bed Frame,238.0,100.0,1.0,0.81,238.0,8.0,131.0,Credit Card,3.0
2023-10-06,56-65,CA,Female,Low,Organic,Clothing,Jeans,Wrangler,Regular Fit,58.0,35.0,3.0,1.05,175.0,3.0,67.0,Digital Wallet,4.0
2023-10-06,18-25,IL,Female,Middle,Others,Electronics,Smartphones,Apple,iPhone SE,554.0,400.0,2.0,0.66,1109.0,12.0,297.0,Digital Wallet,4.0
2023-10-06,26-35,CA,Male,Low,Organic,Beauty,Makeup,Maybelline,Lash Sensational Mascara,13.0,10.0,3.0,1.31,38.0,3.0,5.0,Digital Wallet,3.0
2023-10-06,36-45,TX,Male,Middle,PPC,Clothing,Jeans,Wrangler,Regular Fit,52.0,35.0,2.0,1.72,104.0,3.0,31.0,BNPL,3.0
2023-10-06,26-35,IL,Female,Middle,Affiliates,Beauty,Skincare,Neutrogena,Hydro Boost Gel,23.0,20.0,1.0,1.0,23.0,3.0,-0.0,Credit Card,2.0
2023-10-06,56-65,CA,Male,Middle,App,Electronics,Laptops,Apple Laptop,MacBook Pro M3,1638.0,1500.0,2.0,1.28,3277.0,14.0,263.0,Debit Card,4.0
2023-10-06,46-55,FL,Other,Middle,Organic,Electronics,Smartphones,Samsung,Galaxy A32,292.0,250.0,2.0,1.36,585.0,11.0,74.0,Digital Wallet,4.0
2023-10-06,36-45,OH,Female,High,Email,Clothing,T-Shirts,Nike,Sportswear,32.0,25.0,3.0,0.61,95.0,4.0,16.0,Debit Card,3.0
2023-10-06,26-35,IL,Male,Middle,Email,Beauty,Skincare,Neutrogena,Hydro Boost Gel,20.0,20.0,4.0,1.76,80.0,4.0,-4.0,Digital Wallet,3.0
2023-10-06,56-65,TX,Male,Middle,Affiliates,Clothing,T-Shirts,Adidas,Essentials,32.0,35.0,2.0,1.96,64.0,3.0,-9.0,Credit Card,5.0
2023-10-06,26-35,NC,Male,Middle,App,Home,Beds,Tempur-Pedic,Contour Elite,1779.0,1700.0,1.0,1.28,1779.0,16.0,63.0,Debit Card,4.0
2023-10-06,18-25,CA,Male,Low,Organic,Beauty,Makeup,Revlon,ColorStay Lipstick,15.0,15.0,2.0,0.67,30.0,3.0,-3.0,Credit Card,2.0
2023-10-06,46-55,IL,Female,Middle,Organic,Electronics,Laptops,HP,Envy,854.0,700.0,1.0,1.86,854.0,10.0,144.0,BNPL,5.0
2023-10-06,56-65,CA,Other,Low,Email,Clothing,Jeans,Levis,501 Original,70.0,60.0,1.0,1.72,70.0,3.0,7.0,Digital Wallet,3.0
2023-10-06,18-25,TX,Female,Low,App,Beauty,Skincare,Neutrogena,Hydro Boost Gel,21.0,20.0,2.0,1.19,43.0,3.0,-0.0,Digital Wallet,2.0
2023-10-06,26-35,CA,Male,Middle,App,Home,Furniture,IKEA,Billy Bookcase,112.0,100.0,8.0,0.64,895.0,78.0,17.0,Credit Card,7.0
2023-10-06,66+,NY,Male,Middle,Organic,Electronics,Laptops,Apple Laptop,MacBook Pro M3,1678.0,1500.0,2.0,1.0,3356.0,19.0,337.0,Credit Card,4.0
2023-10-06,26-35,TX,Male,Low,Organic,Home,Furniture,IKEA,Billy Bookcase,140.0,100.0,1.0,1.0,140.0,10.0,30.0,Debit Card,2.0
2023-10-06,26-35,PA,Female,High,Email,Electronics,Smartphones,Apple,iPhone 14,895.0,700.0,3.0,0.85,2685.0,16.0,568.0,Digital Wallet,5.0
2023-10-06,18-25,OH,Male,Low,Affiliates,Beauty,Skincare,Neutrogena,Hydro Boost Gel,25.0,20.0,1.0,0.91,25.0,3.0,2.0,Credit Card,3.0
2023-10-06,56-65,PA,Male,Low,Organic,Electronics,Laptops,HP,Pavilion,727.0,600.0,2.0,1.26,1454.0,17.0,237.0,Digital Wallet,7.0
2023-10-06,56-65,CA,Female,High,Others,Beauty,Makeup,Revlon,PhotoReady Concealer,21.0,12.0,6.0,1.15,123.0,3.0,48.0,Debit Card,4.0
2023-10-06,26-35,NY,Female,Middle,Email,Beauty,Skincare,Neutrogena,Oil-Free Acne Wash,20.0,15.0,3.0,0.91,61.0,5.0,11.0,Credit Card,4.0
2023-10-06,18-25,FL,Female,High,App,Clothing,T-Shirts,Nike,Sportswear,38.0,25.0,2.0,1.21,75.0,3.0,22.0,Credit Card,3.0
2023-10-06,18-25,FL,Other,High,App,Clothing,T-Shirts,Nike,Sportswear,42.0,25.0,5.0,1.31,208.0,7.0,76.0,Digital Wallet,4.0
2023-10-06,18-25,NY,Male,Middle,Others,Electronics,Laptops,Apple Laptop,MacBook Air M2,1151.0,1000.0,1.0,1.19,1151.0,11.0,140.0,Debit Card,5.0
2023-10-06,46-55,FL,Other,Low,Affiliates,Home,Furniture,IKEA,Billy Bookcase,160.0,100.0,2.0,1.5,320.0,21.0,99.0,Debit Card,4.0
2023-10-06,26-35,CA,Female,Low,Others,Clothing,T-Shirts,Nike,Sportswear,36.0,25.0,4.0,0.7,144.0,3.0,41.0,Credit Card,4.0
2023-10-06,36-45,TX,Male,High,Organic,Beauty,Makeup,Maybelline,Lash Sensational Mascara,11.0,10.0,5.0,0.62,54.0,3.0,1.0,Credit Card,4.0
2023-10-06,26-35,CA,Female,Low,Email,Electronics,Smartphones,Samsung,Galaxy Z Fold 5,1551.0,1500.0,3.0,1.23,4653.0,13.0,140.0,Credit Card,4.0
2023-10-06,18-25,NY,Other,Middle,Others,Clothing,Jeans,Levis,Bootcut,102.0,100.0,1.0,1.14,102.0,4.0,-2.0,Digital Wallet,3.0
2023-10-06,36-45,NY,Other,Middle,Organic,Beauty,Makeup,Maybelline,Fit Me Foundation,18.0,15.0,3.0,1.26,55.0,4.0,6.0,BNPL,4.0
2023-10-06,36-45,FL,Other,High,Others,Clothing,Jeans,Levis,Slim Fit,51.0,50.0,3.0,0.63,154.0,5.0,-1.0,Debit Card,3.0
2023-10-06,36-45,FL,Other,Middle,Affiliates,Home,Furniture,Ashley Furniture,Bed Frame,245.0,100.0,1.0,0.97,245.0,11.0,134.0,Digital Wallet,4.0
2023-10-06,26-35,NC,Male,Middle,App,Beauty,Makeup,Maybelline,Fit Me Foundation,20.0,15.0,5.0,0.88,99.0,7.0,17.0,BNPL,5.0
2023-10-06,18-25,CA,Female,High,Affiliates,Electronics,Smartphones,Samsung,Galaxy A32,298.0,250.0,1.0,0.88,298.0,3.0,45.0,Debit Card,3.0
2023-10-06,26-35,GA,Male,Low,Organic,Beauty,Makeup,Maybelline,Lash Sensational Mascara,14.0,10.0,2.0,0.61,27.0,3.0,4.0,Digital Wallet,2.0
2023-10-06,26-35,CA,Female,Middle,App,Clothing,T-Shirts,Adidas,Essentials,58.0,35.0,2.0,1.5,116.0,3.0,43.0,Digital Wallet,4.0
2023-10-06,56-65,TX,Male,Middle,PPC,Clothing,T-Shirts,Adidas,Performance,71.0,45.0,1.0,0.97,71.0,3.0,23.0,Digital Wallet,2.0
2023-10-06,26-35,OH,Female,High,Organic,Beauty,Makeup,Maybelline,Lash Sensational Mascara,13.0,10.0,6.0,1.41,76.0,4.0,13.0,Digital Wallet,5.0
2023-10-06,26-35,MI,Female,High,Email,Electronics,Smartphones,Apple,iPhone 14,902.0,700.0,3.0,1.78,2706.0,17.0,589.0,Debit Card,6.0
2023-10-06,18-25,MI,Female,Middle,Organic,Electronics,Smartphones,Samsung,Galaxy Z Fold 5,1451.0,1500.0,2.0,1.82,2901.0,12.0,-111.0,Credit Card,5.0
2023-10-06,26-35,FL,Male,High,Affiliates,Clothing,T-Shirts,Nike,Dry-FIT,34.0,20.0,4.0,0.73,135.0,5.0,49.0,Digital Wallet,4.0
2023-10-06,56-65,NY,Other,Low,PPC,Home,Furniture,Ashley Furniture,Bed Frame,227.0,100.0,2.0,0.65,455.0,23.0,232.0,Debit Card,5.0
2023-10-06,46-55,TX,Male,Low,Affiliates,Electronics,Smartphones,Apple,iPhone 15,980.0,800.0,3.0,0.9,2941.0,15.0,526.0,Digital Wallet,6.0
2023-10-06,56-65,CA,Male,Low,Organic,Beauty,Skincare,Neutrogena,Rapid Wrinkle Repair,28.0,20.0,2.0,0.59,56.0,3.0,13.0,Digital Wallet,3.0
2023-10-06,26-35,IL,Male,Low,Affiliates,Beauty,Makeup,Maybelline,Fit Me Foundation,18.0,15.0,6.0,1.32,109.0,5.0,14.0,Debit Card,6.0
2023-10-06,36-45,PA,Male,Low,Affiliates,Clothing,Jeans,Levis,Slim Fit,66.0,50.0,3.0,1.08,198.0,6.0,42.0,Debit Card,4.0
2023-10-06,36-45,CA,Male,Low,PPC,Home,Beds,Tempur-Pedic,Cloud Supreme,1833.0,1800.0,2.0,1.09,3666.0,22.0,44.0,Digital Wallet,4.0
2023-10-06,18-25,CA,Female,Low,Affiliates,Clothing,Jeans,Wrangler,Regular Fit,52.0,35.0,3.0,1.06,155.0,3.0,47.0,Credit Card,2.0
2023-10-06,56-65,TX,Female,Low,App,Beauty,Makeup,Maybelline,Fit Me Foundation,16.0,15.0,1.0,0.52,16.0,3.0,-2.0,Credit Card,4.0
2023-10-06,26-35,MI,Female,Low,Email,Home,Furniture,IKEA,Billy Bookcase,147.0,100.0,2.0,1.2,295.0,22.0,73.0,Digital Wallet,6.0
2023-10-06,18-25,CA,Female,High,App,Clothing,T-Shirts,Nike,Sportswear,36.0,25.0,1.0,1.62,36.0,3.0,8.0,BNPL,2.0
2023-10-06,18-25,PA,Other,Middle,PPC,Home,Beds,Serta,iComfort,1975.0,1900.0,2.0,1.13,3950.0,25.0,125.0,Credit Card,5.0
2023-10-06,36-45,NY,Other,Middle,Affiliates,Home,Furniture,Ashley Furniture,Bed Frame,207.0,100.0,2.0,1.6,414.0,23.0,192.0,Digital Wallet,8.0
2023-10-06,56-65,GA,Female,Middle,Organic,Clothing,T-Shirts,Adidas,Performance,50.0,45.0,2.0,1.59,100.0,3.0,7.0,Debit Card,4.0
2023-10-06,66+,FL,Male,Middle,Organic,Home,Furniture,IKEA,Billy Bookcase,130.0,100.0,2.0,0.56,259.0,21.0,39.0,Debit Card,9.0
2023-10-06,66+,CA,Male,Middle,Organic,Electronics,Smartphones,Samsung,Galaxy S21,742.0,500.0,1.0,0.89,742.0,3.0,239.0,Digital Wallet,2.0
2023-10-06,66+,MI,Other,Low,Others,Electronics,Laptops,Apple Laptop,MacBook Pro M2,1271.0,1200.0,1.0,1.85,1271.0,10.0,60.0,Digital Wallet,4.0
2023-10-06,46-55,IL,Other,Middle,Others,Home,Beds,Tempur-Pedic,Cloud Supreme,1881.0,1800.0,1.0,1.14,1881.0,14.0,67.0,Debit Card,5.0
2023-10-06,36-45,CA,Other,Middle,Others,Home,Furniture,IKEA,Billy Bookcase,132.0,100.0,1.0,1.17,132.0,8.0,25.0,Credit Card,4.0
2023-10-06,46-55,NY,Female,Middle,App,Clothing,Jeans,Levis,Bootcut,114.0,100.0,2.0,0.79,228.0,6.0,22.0,Credit Card,5.0
2023-10-06,26-35,MI,Male,Middle,Others,Home,Beds,Serta,Perfect Sleeper,840.0,750.0,2.0,0.82,1679.0,26.0,153.0,Digital Wallet,4.0
2023-10-06,26-35,IL,Female,High,Others,Electronics,Smartphones,Samsung,Galaxy A32,320.0,250.0,2.0,1.99,640.0,12.0,129.0,Credit Card,3.0
2023-10-06,36-45,TX,Female,Low,Organic,Home,Furniture,Ashley Furniture,Dining Table,326.0,200.0,1.0,0.88,326.0,10.0,116.0,Credit Card,5.0
2023-10-06,26-35,FL,Male,Middle,Others,Electronics,Laptops,Apple Laptop,MacBook Pro M3,1651.0,1500.0,2.0,1.31,3302.0,17.0,286.0,Debit Card,2.0
2023-10-06,18-25,TX,Female,Low,App,Home,Furniture,Ashley Furniture,Bed Frame,225.0,100.0,2.0,0.58,449.0,20.0,230.0,Credit Card,4.0
2023-10-06,26-35,NC,Female,Middle,Organic,Clothing,T-Shirts,Nike,Pro,37.0,30.0,5.0,1.71,187.0,10.0,28.0,Debit Card,6.0
2023-10-06,26-35,FL,Female,High,Others,Electronics,Laptops,HP,Envy,883.0,700.0,2.0,1.02,1765.0,17.0,348.0,BNPL,5.0
2023-10-06,18-25,IL,Female,Middle,Affiliates,Clothing,Jeans,Wrangler,Authentics,37.0,30.0,1.0,0.71,37.0,3.0,4.0,Debit Card,4.0
2023-10-06,26-35,FL,Male,High,Others,Beauty,Makeup,Maybelline,Lash Sensational Mascara,16.0,10.0,3.0,0.77,48.0,3.0,15.0,Credit Card,4.0
2023-10-06,66+,PA,Female,Low,Affiliates,Clothing,T-Shirts,Nike,Sportswear,39.0,25.0,4.0,0.67,155.0,6.0,49.0,Digital Wallet,6.0
2023-10-06,66+,FL,Female,Middle,Organic,Clothing,T-Shirts,Nike,Sportswear,37.0,25.0,3.0,1.96,111.0,4.0,32.0,Digital Wallet,4.0
2023-10-06,18-25,FL,Female,Middle,Email,Clothing,T-Shirts,Nike,Pro,47.0,30.0,3.0,1.57,142.0,4.0,48.0,Digital Wallet,3.0
2023-10-06,46-55,FL,Male,Middle,PPC,Clothing,T-Shirts,Nike,Sportswear,40.0,25.0,4.0,0.9,161.0,5.0,55.0,Credit Card,5.0
2023-10-06,66+,PA,Female,Middle,App,Electronics,Laptops,Dell,XPS,1351.0,1300.0,2.0,0.89,2702.0,17.0,84.0,Digital Wallet,4.0
2023-10-06,36-45,FL,Male,Middle,Others,Home,Beds,Serta,Perfect Sleeper,834.0,750.0,1.0,1.14,834.0,13.0,71.0,Debit Card,3.0
2023-10-06,26-35,GA,Other,Low,Affiliates,Beauty,Makeup,Maybelline,Lash Sensational Mascara,16.0,10.0,4.0,1.63,66.0,3.0,23.0,Digital Wallet,5.0
2023-10-06,56-65,FL,Female,High,Organic,Clothing,Jeans,Levis,Bootcut,112.0,100.0,3.0,1.33,336.0,5.0,31.0,Digital Wallet,4.0
2023-10-06,18-25,PA,Female,Middle,Others,Beauty,Skincare,Neutrogena,Hydro Boost Gel,21.0,20.0,4.0,1.2,84.0,4.0,-0.0,BNPL,4.0
2023-10-06,56-65,CA,Male,Middle,Organic,Electronics,Laptops,Apple Laptop,MacBook Pro M3,1557.0,1500.0,2.0,0.75,3114.0,14.0,100.0,Credit Card,3.0
2023-10-06,36-45,CA,Female,Middle,App,Clothing,Jeans,Wrangler,Authentics,46.0,30.0,2.0,1.14,93.0,3.0,30.0,Digital Wallet,3.0
2023-10-06,36-45,OH,Male,Middle,Affiliates,Electronics,Laptops,HP,Pavilion,791.0,600.0,1.0,1.45,791.0,8.0,183.0,Digital Wallet,3.0
2023-10-06,46-55,MI,Male,Middle,App,Electronics,Smartphones,Apple,iPhone 14,881.0,700.0,3.0,0.93,2642.0,17.0,525.0,Digital Wallet,7.0
2023-10-06,26-35,NC,Male,Low,Others,Electronics,Laptops,Dell,Inspiron,793.0,600.0,7.0,0.77,5551.0,60.0,1291.0,Digital Wallet,12.0
2023-10-06,18-25,TX,Female,Middle,Others,Home,Beds,Tempur-Pedic,Cloud Supreme,1866.0,1800.0,2.0,1.87,3733.0,24.0,109.0,Credit Card,5.0
2023-10-06,36-45,GA,Other,Middle,Others,Electronics,Laptops,Apple Laptop,MacBook Pro M3,1620.0,1500.0,1.0,0.61,1620.0,7.0,113.0,BNPL,4.0
2023-10-06,36-45,FL,Male,Low,App,Beauty,Makeup,Maybelline,Fit Me Foundation,20.0,15.0,2.0,1.78,41.0,3.0,8.0,Credit Card,4.0
2023-10-06,56-65,OH,Male,Low,Others,Clothing,Jeans,Wrangler,Authentics,42.0,30.0,2.0,0.54,85.0,3.0,22.0,BNPL,2.0
2023-10-06,46-55,TX,Male,Low,PPC,Electronics,Laptops,HP,Envy,843.0,700.0,1.0,1.09,843.0,8.0,136.0,Debit Card,3.0
2023-10-06,26-35,MI,Male,Middle,Email,Clothing,T-Shirts,Adidas,Essentials,39.0,35.0,4.0,0.61,157.0,7.0,10.0,Debit Card,6.0
2023-10-06,66+,TX,Male,Middle,Others,Beauty,Makeup,Maybelline,Lash Sensational Mascara,11.0,10.0,3.0,1.82,34.0,3.0,1.0,Debit Card,6.0
2023-10-06,46-55,NC,Female,Low,Organic,Beauty,Skincare,Neutrogena,Hydro Boost Gel,19.0,20.0,2.0,1.62,38.0,5.0,-7.0,BNPL,4.0
2023-10-06,36-45,TX,Male,Low,Affiliates,Beauty,Makeup,Maybelline,Fit Me Foundation,16.0,15.0,3.0,0.81,48.0,3.0,0.0,Debit Card,3.0
2023-10-06,36-45,NC,Male,Middle,PPC,Electronics,Laptops,Apple Laptop,MacBook Pro M2,1280.0,1200.0,1.0,0.97,1280.0,12.0,69.0,Digital Wallet,5.0
2023-10-06,18-25,MI,Male,High,Email,Beauty,Makeup,Maybelline,Fit Me Foundation,12.0,15.0,5.0,1.03,58.0,5.0,-22.0,Credit Card,5.0
2023-10-06,26-35,NY,Male,Middle,App,Clothing,T-Shirts,Nike,Dry-FIT,24.0,20.0,3.0,0.61,73.0,6.0,7.0,Debit Card,4.0
2023-10-06,26-35,CA,Female,High,Others,Home,Beds,Tempur-Pedic,Contour Elite,1768.0,1700.0,2.0,1.17,3535.0,22.0,113.0,Credit Card,6.0
2023-10-06,18-25,FL,Female,Low,Others,Electronics,Laptops,HP,Pavilion,735.0,600.0,2.0,1.75,1471.0,17.0,254.0,Credit Card,3.0
2023-10-06,26-35,OH,Female,High,App,Clothing,Jeans,Levis,501 Original,73.0,60.0,1.0,1.46,73.0,3.0,10.0,Credit Card,4.0
2023-10-06,46-55,CA,Other,Middle,App,Clothing,Jeans,Levis,Bootcut,120.0,100.0,1.0,0.96,120.0,3.0,17.0,Credit Card,2.0
2023-10-06,18-25,TX,Female,Middle,PPC,Home,Furniture,IKEA,Billy Bookcase,164.0,100.0,1.0,0.8,164.0,10.0,55.0,Credit Card,4.0
2023-10-06,18-25,NY,Other,Middle,Affiliates,Beauty,Skincare,Neutrogena,Rapid Wrinkle Repair,32.0,20.0,2.0,1.05,63.0,4.0,19.0,Digital Wallet,6.0
2023-10-06,66+,GA,Male,Middle,Organic,Beauty,Skincare,Neutrogena,Hydro Boost Gel,20.0,20.0,2.0,1.2,39.0,3.0,-4.0,Digital Wallet,3.0
2023-10-06,26-35,CA,Female,Low,App,Clothing,Jeans,Levis,501 Original,77.0,60.0,1.0,0.99,77.0,3.0,14.0,BNPL,2.0
2023-10-06,18-25,PA,Female,Low,Affiliates,Electronics,Laptops,Dell,XPS,1342.0,1300.0,1.0,1.42,1342.0,9.0,33.0,Digital Wallet,5.0
2023-10-06,26-35,TX,Female,High,Organic,Electronics,Smartphones,Samsung,Galaxy S21,635.0,500.0,2.0,1.72,1270.0,10.0,261.0,Debit Card,5.0
2023-10-06,36-45,NY,Male,Middle,Organic,Electronics,Smartphones,Apple,iPhone 14,927.0,700.0,3.0,0.82,2782.0,18.0,664.0,BNPL,3.0
2023-10-06,66+,TX,Male,Middle,Others,Electronics,Smartphones,Samsung,Galaxy A32,293.0,250.0,14.0,0.93,4105.0,70.0,536.0,Digital Wallet,10.0
2023-10-06,66+,GA,Other,Middle,Organic,Home,Furniture,IKEA,Billy Bookcase,132.0,100.0,2.0,1.36,263.0,19.0,45.0,Credit Card,5.0
2023-10-06,46-55,CA,Male,High,PPC,Clothing,T-Shirts,Nike,Sportswear,36.0,25.0,5.0,1.26,181.0,4.0,52.0,Credit Card,5.0
2023-10-06,36-45,FL,Female,Middle,Email,Beauty,Skincare,Neutrogena,Hydro Boost Gel,27.0,20.0,2.0,1.84,55.0,3.0,12.0,BNPL,4.0
2023-10-06,18-25,TX,Male,Low,Others,Clothing,T-Shirts,Nike,Sportswear,37.0,25.0,8.0,0.77,297.0,9.0,87.0,Credit Card,6.0
2023-10-06,26-35,CA,Female,High,PPC,Beauty,Makeup,Maybelline,Fit Me Foundation,12.0,15.0,2.0,1.55,24.0,3.0,-9.0,Debit Card,2.0
2023-10-06,56-65,TX,Male,Middle,App,Home,Furniture,Ashley Furniture,Bed Frame,251.0,100.0,2.0,0.81,502.0,20.0,283.0,Credit Card,5.0
2023-10-06,56-65,NC,Male,High,Affiliates,Clothing,T-Shirts,Nike,Dry-FIT,23.0,20.0,1.0,1.88,23.0,5.0,-2.0,Digital Wallet,3.0
2023-10-06,26-35,FL,Other,High,Affiliates,Clothing,T-Shirts,Nike,Sportswear,35.0,25.0,2.0,0.73,71.0,3.0,18.0,Digital Wallet,4.0
2023-10-06,36-45,GA,Female,Middle,Affiliates,Clothing,T-Shirts,Nike,Pro,47.0,30.0,3.0,1.69,141.0,3.0,48.0,BNPL,4.0
2023-10-06,26-35,TX,Other,Middle,App,Electronics,Laptops,Apple Laptop,MacBook Air M2,1153.0,1000.0,1.0,0.96,1153.0,8.0,145.0,Digital Wallet,7.0
2023-10-06,56-65,IL,Other,Middle,Affiliates,Clothing,Jeans,Levis,501 Original,71.0,60.0,1.0,0.86,71.0,3.0,8.0,Credit Card,3.0
2023-10-06,36-45,CA,Male,Middle,PPC,Electronics,Smartphones,Samsung,Galaxy Z Fold 5,1608.0,1500.0,3.0,1.17,4823.0,13.0,310.0,Credit Card,4.0
2023-10-06,36-45,TX,Female,Low,Email,Clothing,T-Shirts,Adidas,Performance,52.0,45.0,2.0,1.58,104.0,3.0,11.0,Credit Card,3.0
2023-10-06,26-35,NY,Female,Middle,Email,Beauty,Makeup,Maybelline,Lash Sensational Mascara,14.0,10.0,4.0,0.85,56.0,5.0,11.0,Debit Card,4.0
2023-10-06,56-65,OH,Female,High,Others,Clothing,Jeans,Levis,501 Original,79.0,60.0,2.0,0.99,158.0,3.0,35.0,Credit Card,4.0
2023-10-06,36-45,TX,Other,High,Email,Electronics,Laptops,Apple Laptop,MacBook Air M1,954.0,900.0,1.0,1.17,954.0,8.0,46.0,Digital Wallet,5.0
2023-10-06,46-55,TX,Female,Middle,Organic,Electronics,Smartphones,Samsung,Galaxy S21,740.0,500.0,1.0,0.7,740.0,5.0,235.0,Digital Wallet,4.0
2023-10-06,36-45,NY,Female,Middle,Email,Electronics,Laptops,HP,Envy,820.0,700.0,2.0,1.13,1640.0,19.0,221.0,Digital Wallet,5.0
2023-10-06,18-25,NC,Female,Low,Organic,Home,Beds,Tempur-Pedic,Cloud Supreme,1885.0,1800.0,2.0,0.79,3771.0,28.0,143.0,Credit Card,5.0
2023-10-06,26-35,OH,Other,High,Others,Home,Furniture,IKEA,Kallax Shelf,78.0,60.0,1.0,0.72,78.0,10.0,8.0,Digital Wallet,4.0
2023-10-06,46-55,CA,Male,Low,Others,Clothing,Jeans,Wrangler,Regular Fit,47.0,35.0,2.0,1.55,94.0,3.0,21.0,Digital Wallet,3.0
2023-10-06,18-25,PA,Male,Middle,Organic,Clothing,Jeans,Wrangler,Authentics,36.0,30.0,3.0,1.02,107.0,6.0,12.0,Credit Card,4.0
2023-10-06,46-55,CA,Female,Low,Organic,Electronics,Laptops,Dell,Inspiron,718.0,600.0,2.0,0.84,1436.0,14.0,223.0,Debit Card,3.0
2023-10-06,26-35,NC,Female,Middle,Others,Clothing,Jeans,Wrangler,Regular Fit,58.0,35.0,2.0,1.71,115.0,7.0,39.0,Digital Wallet,4.0
2023-10-06,46-55,CA,Female,Middle,Affiliates,Clothing,T-Shirts,Adidas,Performance,55.0,45.0,5.0,1.93,273.0,4.0,44.0,Debit Card,11.0
2023-10-06,46-55,NY,Male,High,App,Clothing,T-Shirts,Nike,Sportswear,36.0,25.0,6.0,0.71,217.0,10.0,57.0,Debit Card,9.0
2023-10-06,56-65,OH,Male,Middle,Others,Home,Beds,Tempur-Pedic,Contour Elite,1764.0,1700.0,1.0,1.95,1764.0,12.0,52.0,Digital Wallet,6.0
2023-10-06,56-65,OH,Other,Middle,Email,Clothing,Jeans,Wrangler,Authentics,48.0,30.0,2.0,0.96,96.0,3.0,33.0,Credit Card,3.0
2023-10-06,26-35,MI,Female,Middle,Organic,Home,Furniture,IKEA,Kallax Shelf,73.0,60.0,2.0,1.16,145.0,22.0,3.0,Credit Card,6.0
2023-10-06,18-25,NC,Male,Low,Email,Electronics,Laptops,HP,Pavilion,674.0,600.0,2.0,1.35,1349.0,20.0,129.0,Debit Card,6.0
2023-10-06,36-45,MI,Male,Middle,Others,Electronics,Smartphones,Apple,iPhone SE,557.0,400.0,2.0,0.74,1114.0,12.0,302.0,Digital Wallet,3.0
2023-10-06,66+,TX,Female,Low,Affiliates,Beauty,Skincare,Neutrogena,Hydro Boost Gel,24.0,20.0,3.0,1.62,73.0,3.0,10.0,Credit Card,5.0
2023-10-06,36-45,TX,Female,High,Others,Electronics,Laptops,Apple Laptop,MacBook Air M2,1100.0,1000.0,2.0,1.22,2200.0,16.0,184.0,Digital Wallet,7.0
2023-10-06,66+,CA,Male,Middle,Affiliates,Clothing,Jeans,Wrangler,Authentics,37.0,30.0,3.0,1.35,112.0,3.0,19.0,Credit Card,3.0
2023-10-06,56-65,FL,Male,High,App,Clothing,Jeans,Levis,Bootcut,94.0,100.0,2.0,0.75,188.0,4.0,-15.0,BNPL,3.0
2023-10-06,26-35,TX,Female,Middle,Email,Beauty,Makeup,Maybelline,Lash Sensational Mascara,16.0,10.0,5.0,1.64,80.0,3.0,27.0,Digital Wallet,4.0
2023-10-06,66+,CA,Female,Low,Email,Home,Furniture,IKEA,Billy Bookcase,119.0,100.0,1.0,1.05,119.0,8.0,11.0,Digital Wallet,2.0
2023-10-06,18-25,NY,Male,Low,Email,Electronics,Smartphones,Apple,iPhone SE,558.0,400.0,1.0,1.4,558.0,8.0,151.0,Credit Card,5.0
2023-10-06,36-45,FL,Male,Low,App,Home,Furniture,IKEA,Kallax Shelf,76.0,60.0,1.0,0.9,76.0,11.0,5.0,Digital Wallet,5.0
2023-10-06,36-45,CA,Other,Middle,Organic,Beauty,Makeup,Revlon,ColorStay Lipstick,17.0,15.0,3.0,1.66,52.0,3.0,4.0,Credit Card,2.0
2023-10-06,46-55,NY,Male,Low,App,Beauty,Makeup,Maybelline,Lash Sensational Mascara,13.0,10.0,5.0,1.98,65.0,6.0,9.0,Credit Card,2.0
2023-10-06,56-65,IL,Male,Low,Email,Electronics,Laptops,HP,Envy,825.0,700.0,1.0,1.02,825.0,10.0,115.0,Digital Wallet,5.0
2023-10-06,46-55,NY,Male,Middle,Email,Electronics,Smartphones,Samsung,Galaxy Z Fold 5,1623.0,1500.0,2.0,1.23,3246.0,13.0,233.0,BNPL,5.0
2023-10-06,36-45,PA,Male,High,Affiliates,Home,Furniture,IKEA,Billy Bookcase,171.0,100.0,2.0,0.99,342.0,21.0,121.0,Debit Card,5.0
2023-10-06,46-55,GA,Male,Middle,Organic,Clothing,Jeans,Levis,Slim Fit,63.0,50.0,1.0,1.56,63.0,3.0,10.0,Debit Card,3.0
2023-10-06,26-35,PA,Male,Middle,Email,Beauty,Makeup,Maybelline,Fit Me Foundation,18.0,15.0,6.0,1.37,108.0,5.0,13.0,Digital Wallet,7.0
2023-10-06,26-35,NY,Female,Low,Affiliates,Clothing,T-Shirts,Adidas,Performance,65.0,45.0,2.0,1.49,131.0,5.0,36.0,Debit Card,3.0
2023-10-06,56-65,NY,Female,High,Organic,Clothing,T-Shirts,Nike,Dry-FIT,24.0,20.0,4.0,1.63,97.0,7.0,9.0,Credit Card,6.0
2023-10-06,36-45,CA,Male,High,Email,Electronics,Smartphones,Samsung,Galaxy A32,312.0,250.0,3.0,1.26,936.0,13.0,173.0,Debit Card,4.0
2023-10-06,26-35,CA,Female,High,Affiliates,Clothing,T-Shirts,Nike,Dry-FIT,26.0,20.0,1.0,0.61,26.0,3.0,3.0,Credit Card,2.0
2023-10-06,56-65,MI,Male,Low,App,Clothing,T-Shirts,Nike,Sportswear,37.0,25.0,2.0,1.16,74.0,4.0,19.0,Digital Wallet,4.0
2023-10-06,26-35,MI,Other,Low,Email,Beauty,Makeup,Maybelline,Fit Me Foundation,12.0,15.0,4.0,0.78,48.0,4.0,-16.0,Digital Wallet,6.0
2023-10-06,46-55,PA,Female,Low,Organic,Clothing,Jeans,Levis,Bootcut,99.0,100.0,3.0,0.98,297.0,6.0,-9.0,Debit Card,5.0
2023-10-06,18-25,NY,Female,Middle,Organic,Electronics,Laptops,Dell,XPS,1409.0,1300.0,1.0,1.38,1409.0,11.0,99.0,Debit Card,5.0
2023-10-06,26-35,PA,Male,Low,Others,Electronics,Smartphones,Samsung,Galaxy A32,347.0,250.0,1.0,1.68,347.0,6.0,90.0,Credit Card,4.0
2023-10-06,46-55,PA,Male,Low,Email,Clothing,Jeans,Wrangler,Authentics,45.0,30.0,3.0,1.19,134.0,6.0,39.0,Credit Card,4.0
2023-10-06,18-25,GA,Male,Middle,App,Home,Beds,Serta,Perfect Sleeper,866.0,750.0,1.0,0.76,866.0,11.0,105.0,Digital Wallet,5.0
2023-10-06,66+,CA,Female,Middle,Email,Beauty,Skincare,Neutrogena,Oil-Free Acne Wash,19.0,15.0,3.0,0.91,57.0,3.0,9.0,Credit Card,4.0
2023-10-06,26-35,IL,Female,Low,App,Clothing,T-Shirts,Adidas,Performance,63.0,45.0,4.0,0.5,254.0,6.0,67.0,Credit Card,5.0
2023-10-06,36-45,CA,Male,Low,App,Beauty,Makeup,Maybelline,Fit Me Foundation,15.0,15.0,5.0,0.93,73.0,3.0,-5.0,Debit Card,4.0
2023-10-06,36-45,TX,Female,Middle,Others,Home,Furniture,IKEA,Billy Bookcase,147.0,100.0,1.0,1.01,147.0,10.0,37.0,Digital Wallet,4.0
2023-10-06,26-35,GA,Female,Low,Email,Clothing,T-Shirts,Nike,Sportswear,39.0,25.0,3.0,1.72,118.0,3.0,40.0,Credit Card,12.0
2023-10-06,46-55,TX,Female,Middle,Affiliates,Beauty,Makeup,Revlon,ColorStay Lipstick,17.0,15.0,3.0,1.72,52.0,3.0,4.0,Digital Wallet,3.0
2023-10-06,26-35,TX,Other,Middle,Email,Electronics,Smartphones,Samsung,Galaxy Z Fold 5,1578.0,1500.0,2.0,1.63,3157.0,10.0,147.0,BNPL,5.0
2023-10-06,26-35,FL,Female,Middle,Others,Electronics,Smartphones,Apple,iPhone 14,927.0,700.0,3.0,1.74,2780.0,16.0,664.0,Digital Wallet,3.0
2023-10-06,36-45,CA,Male,Low,Others,Home,Furniture,IKEA,Billy Bookcase,136.0,100.0,2.0,1.45,271.0,18.0,54.0,Digital Wallet,3.0
2023-10-06,36-45,IL,Male,Low,Others,Beauty,Makeup,Maybelline,Fit Me Foundation,20.0,15.0,3.0,1.47,61.0,3.0,13.0,Debit Card,5.0
2023-10-06,26-35,CA,Male,Low,Others,Beauty,Skincare,Neutrogena,Hydro Boost Gel,23.0,20.0,2.0,1.84,45.0,3.0,2.0,BNPL,2.0
2023-10-06,26-35,IL,Female,Low,App,Clothing,Jeans,Levis,Slim Fit,66.0,50.0,3.0,0.59,198.0,6.0,42.0,Debit Card,4.0
2023-10-06,66+,TX,Male,Middle,Affiliates,Electronics,Laptops,Apple Laptop,MacBook Pro M3,1658.0,1500.0,2.0,1.75,3316.0,16.0,300.0,Digital Wallet,4.0
2023-10-06,46-55,GA,Female,High,Organic,Electronics,Laptops,Apple Laptop,MacBook Pro M3,1640.0,1500.0,2.0,1.62,3280.0,15.0,266.0,Digital Wallet,4.0
2023-10-06,66+,CA,Female,Middle,App,Clothing,T-Shirts,Nike,Sportswear,36.0,25.0,5.0,0.56,180.0,4.0,51.0,Credit Card,5.0
2023-10-06,46-55,IL,Male,Low,Others,Home,Beds,Tempur-Pedic,Contour Elite,1744.0,1700.0,1.0,1.98,1744.0,14.0,30.0,Digital Wallet,5.0
2023-10-06,56-65,TX,Male,High,Organic,Clothing,T-Shirts,Nike,Dry-FIT,27.0,20.0,14.0,0.89,372.0,16.0,75.0,Credit Card,9.0
2023-10-06,26-35,MI,Other,Low,Organic,Beauty,Skincare,Neutrogena,Hydro Boost Gel,22.0,20.0,3.0,1.18,67.0,4.0,3.0,Credit Card,4.0
2023-10-06,18-25,TX,Female,Middle,Organic,Home,Beds,Serta,iComfort,2032.0,1900.0,1.0,0.99,2032.0,12.0,121.0,Debit Card,5.0
2023-10-06,26-35,CA,Female,High,App,Clothing,T-Shirts,Nike,Dry-FIT,20.0,20.0,1.0,1.8,20.0,3.0,-3.0,Digital Wallet,6.0
2023-10-06,46-55,NY,Male,Middle,Affiliates,Clothing,Jeans,Wrangler,Authentics,45.0,30.0,1.0,0.71,45.0,4.0,11.0,Debit Card,4.0
2023-10-06,26-35,PA,Male,Middle,Email,Clothing,T-Shirts,Nike,Dry-FIT,32.0,20.0,5.0,1.04,162.0,7.0,55.0,Digital Wallet,5.0
2023-10-06,18-25,TX,Female,Middle,Organic,Home,Furniture,Ashley Furniture,Sofa,437.0,300.0,1.0,0.91,437.0,10.0,127.0,Credit Card,4.0
2023-10-06,18-25,IL,Female,High,Email,Home,Furniture,IKEA,Billy Bookcase,123.0,100.0,1.0,0.92,123.0,12.0,11.0,Credit Card,6.0
2023-10-06,26-35,OH,Female,Middle,Affiliates,Clothing,Jeans,Levis,Slim Fit,74.0,50.0,3.0,0.78,221.0,5.0,66.0,Debit Card,10.0
2023-10-06,18-25,NY,Other,Low,PPC,Clothing,T-Shirts,Nike,Pro,46.0,30.0,5.0,1.99,230.0,9.0,72.0,Digital Wallet,6.0
2023-10-06,26-35,NY,Other,Middle,Email,Home,Furniture,Ashley Furniture,Bed Frame,239.0,100.0,1.0,0.71,239.0,13.0,127.0,Debit Card,3.0
2023-10-06,56-65,TX,Other,Low,Organic,Electronics,Smartphones,Apple,iPhone 15,1009.0,800.0,1.0,1.69,1009.0,5.0,204.0,Credit Card,4.0
2023-10-06,56-65,OH,Male,Low,PPC,Home,Furniture,IKEA,Billy Bookcase,148.0,100.0,2.0,1.95,296.0,20.0,76.0,Digital Wallet,4.0
2023-10-06,56-65,NY,Female,Middle,PPC,Beauty,Makeup,Maybelline,Lash Sensational Mascara,11.0,10.0,6.0,1.42,67.0,6.0,1.0,Credit Card,4.0
2023-10-06,66+,NC,Male,High,App,Clothing,T-Shirts,Adidas,Performance,63.0,45.0,3.0,1.52,190.0,7.0,48.0,Credit Card,8.0
2023-10-06,26-35,TX,Other,Low,PPC,Home,Furniture,IKEA,Billy Bookcase,157.0,100.0,1.0,1.17,157.0,10.0,47.0,BNPL,4.0
2023-10-06,46-55,GA,Male,Middle,Organic,Clothing,T-Shirts,Nike,Dry-FIT,22.0,20.0,1.0,0.53,22.0,3.0,-1.0,Digital Wallet,3.0
2023-10-06,36-45,IL,Male,High,Others,Clothing,Jeans,Levis,Slim Fit,69.0,50.0,3.0,1.69,207.0,6.0,50.0,Debit Card,4.0
2023-10-06,18-25,MI,Other,High,PPC,Home,Furniture,Ashley Furniture,Dining Table,345.0,200.0,2.0,1.26,689.0,22.0,267.0,Credit Card,6.0
2023-10-06,56-65,IL,Female,Low,Email,Electronics,Smartphones,Apple,iPhone 14,882.0,700.0,3.0,1.15,2645.0,17.0,528.0,Credit Card,6.0
2023-10-06,56-65,CA,Male,Middle,Others,Electronics,Smartphones,Apple,iPhone 14,919.0,700.0,1.0,1.29,919.0,3.0,216.0,Debit Card,8.0
2023-10-06,36-45,CA,Male,Middle,Email,Home,Furniture,IKEA,Kallax Shelf,68.0,60.0,1.0,1.89,68.0,8.0,1.0,Debit Card,2.0
2023-10-06,46-55,NY,Other,High,App,Beauty,Makeup,Revlon,PhotoReady Concealer,17.0,12.0,2.0,0.69,34.0,4.0,7.0,Debit Card,5.0
2023-10-06,46-55,GA,Female,Middle,Organic,Home,Beds,Serta,iComfort,2055.0,1900.0,2.0,1.26,4110.0,23.0,288.0,Digital Wallet,5.0
2023-10-06,46-55,NC,Female,Middle,Email,Clothing,Jeans,Levis,Slim Fit,59.0,50.0,3.0,1.21,177.0,8.0,19.0,Credit Card,5.0
2023-10-06,26-35,NC,Male,Low,Affiliates,Clothing,Jeans,Levis,Bootcut,118.0,100.0,3.0,0.74,354.0,8.0,46.0,Digital Wallet,5.0
2023-10-06,36-45,FL,Female,High,Organic,Beauty,Makeup,Maybelline,Fit Me Foundation,17.0,15.0,1.0,1.91,17.0,3.0,-1.0,Debit Card,4.0
2023-10-06,36-45,CA,Male,Low,Others,Clothing,T-Shirts,Nike,Dry-FIT,27.0,20.0,5.0,0.84,134.0,4.0,30.0,Credit Card,5.0
2023-10-06,36-45,MI,Male,Middle,Email,Clothing,T-Shirts,Nike,Dry-FIT,31.0,20.0,3.0,0.85,93.0,6.0,27.0,Debit Card,2.0
2023-10-06,56-65,PA,Female,Low,App,Home,Beds,Tempur-Pedic,Cloud Supreme,1866.0,1800.0,1.0,0.76,1866.0,13.0,53.0,Debit Card,5.0
2023-10-06,18-25,PA,Male,Middle,Others,Electronics,Smartphones,Samsung,Galaxy Z Fold 5,1599.0,1500.0,1.0,1.61,1599.0,6.0,93.0,Digital Wallet,3.0
2023-10-06,26-35,IL,Other,High,Organic,Clothing,T-Shirts,Nike,Sportswear,37.0,25.0,1.0,1.4,37.0,3.0,9.0,Credit Card,3.0
2023-10-06,46-55,FL,Other,Low,Email,Clothing,T-Shirts,Adidas,Performance,65.0,45.0,1.0,1.86,65.0,3.0,17.0,Credit Card,3.0
2023-10-06,46-55,CA,Male,High,Organic,Electronics,Laptops,Apple Laptop,MacBook Air M1,1043.0,900.0,9.0,1.15,9387.0,70.0,1217.0,Debit Card,7.0
2023-10-06,36-45,TX,Male,Low,Organic,Clothing,Jeans,Levis,Bootcut,100.0,100.0,1.0,1.88,100.0,3.0,-3.0,Digital Wallet,3.0
2023-10-06,26-35,OH,Female,Low,Others,Clothing,T-Shirts,Nike,Pro,44.0,30.0,4.0,1.48,178.0,5.0,53.0,Digital Wallet,4.0
2023-10-06,26-35,MI,Other,Middle,Others,Home,Furniture,Ashley Furniture,Dining Table,268.0,200.0,2.0,2.0,535.0,22.0,113.0,Digital Wallet,5.0
2023-10-06,46-55,TX,Male,Low,App,Electronics,Smartphones,Samsung,Galaxy Z Fold 5,1505.0,1500.0,3.0,1.61,4515.0,15.0,0.0,Debit Card,6.0
2023-10-06,56-65,GA,Other,Low,Email,Electronics,Laptops,Apple Laptop,MacBook Pro M2,1302.0,1200.0,1.0,1.58,1302.0,7.0,95.0,Debit Card,4.0
2023-10-06,56-65,CA,Female,Middle,Organic,Electronics,Laptops,HP,Pavilion,691.0,600.0,2.0,1.23,1382.0,14.0,169.0,Debit Card,3.0
2023-10-06,56-65,CA,Female,Middle,Organic,Home,Beds,Serta,iComfort,1894.0,1900.0,1.0,1.95,1894.0,10.0,-16.0,Digital Wallet,3.0
2023-10-06,26-35,NY,Female,Middle,Email,Home,Furniture,Ashley Furniture,Dining Table,323.0,200.0,1.0,0.71,323.0,13.0,110.0,Digital Wallet,4.0
2023-10-06,18-25,NY,Female,Middle,Others,Home,Beds,Tempur-Pedic,Cloud Supreme,1781.0,1800.0,1.0,1.85,1781.0,15.0,-34.0,BNPL,5.0
2023-10-06,26-35,CA,Other,Middle,Organic,Electronics,Smartphones,Apple,iPhone 14,884.0,700.0,2.0,1.01,1768.0,8.0,361.0,Debit Card,4.0
2023-10-06,66+,NC,Male,Middle,Others,Electronics,Smartphones,Apple,iPhone SE,556.0,400.0,15.0,1.74,8336.0,79.0,2257.0,Digital Wallet,12.0
2023-10-06,46-55,CA,Female,Middle,Email,Electronics,Laptops,HP,Envy,852.0,700.0,2.0,0.72,1703.0,14.0,290.0,Credit Card,4.0
2023-10-06,66+,OH,Male,Low,Organic,Home,Furniture,Ashley Furniture,Dining Table,308.0,200.0,1.0,1.43,308.0,10.0,98.0,Credit Card,5.0
2023-10-06,18-25,IL,Other,High,Organic,Electronics,Laptops,Apple Laptop,MacBook Pro M3,1770.0,1500.0,2.0,0.82,3540.0,18.0,522.0,BNPL,3.0
2023-10-06,26-35,FL,Male,Middle,App,Home,Beds,Serta,Perfect Sleeper,833.0,750.0,2.0,1.15,1667.0,25.0,142.0,Credit Card,5.0
2023-10-06,66+,NC,Male,Middle,Organic,Clothing,T-Shirts,Nike,Dry-FIT,25.0,20.0,2.0,0.71,50.0,6.0,4.0,Credit Card,3.0
2023-10-06,36-45,OH,Other,Middle,Email,Electronics,Laptops,Apple Laptop,MacBook Pro M2,1347.0,1200.0,1.0,0.6,1347.0,8.0,139.0,Debit Card,3.0
2023-10-06,46-55,OH,Female,Middle,Organic,Beauty,Makeup,Revlon,PhotoReady Concealer,20.0,12.0,5.0,0.52,101.0,3.0,38.0,Digital Wallet,5.0
2023-10-06,56-65,PA,Male,Middle,Organic,Beauty,Skincare,Neutrogena,Rapid Wrinkle Repair,20.0,20.0,2.0,1.14,39.0,3.0,-4.0,Credit Card,5.0
2023-10-06,26-35,PA,Female,High,Others,Home,Beds,Tempur-Pedic,Contour Elite,1890.0,1700.0,2.0,1.92,3781.0,25.0,355.0,Credit Card,5.0
2023-10-06,18-25,NY,Female,Middle,Email,Clothing,T-Shirts,Adidas,Performance,77.0,45.0,2.0,1.46,154.0,5.0,59.0,Credit Card,4.0
2023-10-06,26-35,NC,Female,Low,Affiliates,Clothing,T-Shirts,Nike,Dry-FIT,29.0,20.0,1.0,1.03,29.0,5.0,4.0,Credit Card,3.0
2023-10-06,46-55,PA,Male,Middle,Organic,Clothing,T-Shirts,Adidas,Performance,68.0,45.0,5.0,1.26,342.0,7.0,110.0,Credit Card,4.0
2023-10-06,36-45,TX,Female,Low,Others,Electronics,Smartphones,Apple,iPhone 14,846.0,700.0,2.0,1.61,1692.0,10.0,282.0,Debit Card,4.0
2023-10-06,56-65,PA,Male,Middle,App,Clothing,Jeans,Levis,501 Original,75.0,60.0,1.0,1.39,75.0,3.0,12.0,Debit Card,4.0
2023-10-06,18-25,PA,Female,Low,Others,Clothing,Jeans,Levis,Slim Fit,63.0,50.0,2.0,1.52,127.0,4.0,23.0,BNPL,5.0
2023-10-06,36-45,FL,Male,Middle,App,Electronics,Laptops,Apple Laptop,MacBook Air M2,1153.0,1000.0,2.0,0.72,2307.0,17.0,290.0,Credit Card,4.0
2023-10-06,36-45,NY,Female,Middle,Affiliates,Beauty,Makeup,Maybelline,Fit Me Foundation,22.0,15.0,4.0,1.81,89.0,5.0,23.0,Digital Wallet,6.0
2023-10-06,26-35,OH,Other,Middle,PPC,Clothing,Jeans,Wrangler,Authentics,41.0,30.0,2.0,0.92,81.0,3.0,18.0,Digital Wallet,12.0
2023-10-06,46-55,IL,Female,Middle,Organic,Clothing,Jeans,Levis,501 Original,70.0,60.0,2.0,1.04,140.0,5.0,15.0,Debit Card,4.0
2023-10-06,36-45,MI,Other,Low,App,Home,Furniture,IKEA,Billy Bookcase,117.0,100.0,2.0,1.46,234.0,22.0,12.0,Digital Wallet,5.0
2023-10-06,18-25,TX,Female,Middle,Affiliates,Clothing,Jeans,Wrangler,Regular Fit,52.0,35.0,3.0,1.24,155.0,4.0,46.0,Debit Card,3.0
2023-10-06,36-45,IL,Male,High,Others,Clothing,Jeans,Levis,Bootcut,106.0,100.0,3.0,0.57,319.0,6.0,13.0,Credit Card,4.0
2023-10-06,36-45,PA,Other,Middle,Email,Clothing,Jeans,Wrangler,Regular Fit,55.0,35.0,3.0,1.6,165.0,6.0,54.0,Credit Card,3.0
2023-10-06,18-25,CA,Male,Middle,Affiliates,Clothing,Jeans,Wrangler,Authentics,56.0,30.0,3.0,1.07,168.0,3.0,75.0,Credit Card,2.0
2023-10-06,56-65,FL,Female,Middle,Email,Clothing,Jeans,Levis,Slim Fit,60.0,50.0,3.0,1.67,179.0,5.0,24.0,Debit Card,6.0
2023-10-06,56-65,CA,Female,Low,Affiliates,Home,Beds,Tempur-Pedic,Cloud Supreme,1904.0,1800.0,2.0,1.03,3807.0,22.0,186.0,Credit Card,4.0
2023-10-06,26-35,NC,Other,Middle,Affiliates,Beauty,Makeup,Maybelline,Lash Sensational Mascara,14.0,10.0,4.0,0.6,58.0,6.0,12.0,Credit Card,4.0
2023-10-06,18-25,IL,Female,Low,Organic,Beauty,Makeup,Maybelline,Fit Me Foundation,13.0,15.0,6.0,1.24,81.0,5.0,-14.0,BNPL,4.0
2023-10-06,36-45,TX,Other,Low,Organic,Clothing,T-Shirts,Adidas,Essentials,43.0,35.0,2.0,1.75,86.0,3.0,13.0,Digital Wallet,3.0
2023-10-06,26-35,FL,Female,Low,PPC,Beauty,Makeup,Maybelline,Fit Me Foundation,20.0,15.0,2.0,0.56,40.0,3.0,7.0,Digital Wallet,4.0
2023-10-06,26-35,IL,Male,Low,App,Beauty,Skincare,Neutrogena,Hydro Boost Gel,24.0,20.0,4.0,1.87,97.0,4.0,12.0,Digital Wallet,5.0
2023-10-06,18-25,PA,Female,High,Organic,Home,Furniture,Ashley Furniture,Sofa,408.0,300.0,2.0,1.75,817.0,21.0,195.0,Digital Wallet,5.0
2023-10-06,56-65,NY,Male,Middle,Organic,Home,Beds,Serta,iComfort,2111.0,1900.0,1.0,1.32,2111.0,15.0,197.0,BNPL,6.0
2023-10-06,46-55,IL,Female,Middle,Affiliates,Electronics,Smartphones,Apple,iPhone 14,916.0,700.0,1.0,1.42,916.0,7.0,210.0,Credit Card,3.0
2023-10-06,26-35,IL,Female,Middle,PPC,Home,Furniture,IKEA,Kallax Shelf,76.0,60.0,1.0,1.81,76.0,12.0,5.0,Credit Card,2.0
2023-10-06,18-25,NY,Female,Low,Others,Clothing,Jeans,Wrangler,Authentics,46.0,30.0,1.0,1.49,46.0,4.0,11.0,Digital Wallet,4.0
2023-10-06,36-45,FL,Other,Low,PPC,Clothing,Jeans,Wrangler,Authentics,48.0,30.0,2.0,0.92,96.0,4.0,32.0,Credit Card,3.0
2023-10-06,36-45,FL,Female,Middle,Email,Electronics,Laptops,Apple Laptop,MacBook Pro M3,1614.0,1500.0,1.0,1.69,1614.0,9.0,105.0,Credit Card,3.0
2023-10-06,56-65,IL,Male,Low,App,Clothing,T-Shirts,Adidas,Performance,69.0,45.0,5.0,1.12,343.0,8.0,110.0,Debit Card,4.0
2023-10-06,18-25,PA,Male,Middle,Affiliates,Clothing,Jeans,Wrangler,Authentics,46.0,30.0,1.0,1.9,46.0,3.0,13.0,Debit Card,3.0
2023-10-06,46-55,PA,Male,Low,Organic,Beauty,Makeup,Maybelline,Lash Sensational Mascara,13.0,10.0,2.0,1.92,27.0,3.0,4.0,Credit Card,3.0
2023-10-06,26-35,IL,Female,Middle,Affiliates,Beauty,Skincare,Neutrogena,Rapid Wrinkle Repair,30.0,20.0,1.0,1.78,30.0,3.0,7.0,Digital Wallet,3.0
2023-10-06,26-35,CA,Female,Middle,Email,Beauty,Makeup,Maybelline,Lash Sensational Mascara,16.0,10.0,2.0,1.19,32.0,3.0,9.0,Credit Card,3.0
2023-10-06,56-65,PA,Female,Low,App,Clothing,T-Shirts,Nike,Sportswear,35.0,25.0,3.0,1.82,105.0,5.0,25.0,BNPL,5.0
2023-10-06,26-35,TX,Female,High,Organic,Electronics,Smartphones,Apple,iPhone 15,980.0,800.0,2.0,0.85,1961.0,10.0,351.0,Debit Card,4.0
2023-10-06,56-65,PA,Female,Middle,Email,Beauty,Makeup,Maybelline,Fit Me Foundation,20.0,15.0,1.0,0.63,20.0,3.0,2.0,Digital Wallet,3.0
2023-10-06,56-65,NY,Male,High,App,Clothing,T-Shirts,Adidas,Essentials,33.0,35.0,1.0,0.62,33.0,4.0,-6.0,Credit Card,3.0
2023-10-06,26-35,FL,Female,Middle,App,Beauty,Skincare,Neutrogena,Rapid Wrinkle Repair,25.0,20.0,3.0,1.0,76.0,3.0,13.0,BNPL,4.0
2023-10-06,26-35,MI,Male,High,Organic,Home,Furniture,IKEA,Billy Bookcase,100.0,100.0,1.0,1.0,100.0,12.0,-12.0,Digital Wallet,4.0
2023-10-06,66+,NY,Female,High,PPC,Beauty,Makeup,Maybelline,Fit Me Foundation,16.0,15.0,2.0,0.6,32.0,4.0,-2.0,BNPL,4.0
2023-10-06,18-25,TX,Other,Low,Others,Beauty,Makeup,Maybelline,Fit Me Foundation,21.0,15.0,4.0,1.77,82.0,3.0,19.0,Digital Wallet,3.0
2023-10-06,66+,FL,Male,Low,Affiliates,Electronics,Smartphones,Apple,iPhone SE,534.0,400.0,3.0,1.25,1601.0,16.0,385.0,Digital Wallet,4.0
2023-10-06,36-45,OH,Male,High,PPC,Clothing,Jeans,Wrangler,Regular Fit,61.0,35.0,1.0,0.67,61.0,3.0,23.0,Credit Card,2.0
2023-10-06,26-35,GA,Other,Low,Affiliates,Electronics,Smartphones,Samsung,Galaxy S21,710.0,500.0,1.0,1.35,710.0,4.0,206.0,Digital Wallet,4.0
2023-10-06,46-55,IL,Male,Middle,Organic,Beauty,Skincare,Neutrogena,Oil-Free Acne Wash,17.0,15.0,1.0,1.08,17.0,3.0,-1.0,Debit Card,3.0
2023-10-06,36-45,FL,Male,Middle,Email,Electronics,Laptops,HP,Envy,897.0,700.0,2.0,0.98,1794.0,17.0,377.0,Digital Wallet,3.0
2023-10-06,56-65,CA,Female,Middle,Others,Clothing,Jeans,Levis,Bootcut,116.0,100.0,3.0,0.8,348.0,3.0,45.0,Debit Card,4.0
2023-10-06,26-35,IL,Female,Middle,App,Home,Furniture,IKEA,Billy Bookcase,144.0,100.0,2.0,0.72,289.0,22.0,67.0,BNPL,10.0
2023-10-06,56-65,CA,Female,Low,PPC,Clothing,Jeans,Wrangler,Regular Fit,60.0,35.0,1.0,1.89,60.0,3.0,22.0,Credit Card,4.0
2023-10-06,26-35,CA,Male,High,App,Clothing,Jeans,Wrangler,Authentics,49.0,30.0,3.0,1.26,147.0,3.0,54.0,Credit Card,4.0
2023-10-06,46-55,NC,Male,High,Email,Clothing,T-Shirts,Nike,Sportswear,36.0,25.0,5.0,1.55,181.0,10.0,47.0,Credit Card,7.0
2023-10-06,36-45,CA,Male,Middle,Email,Clothing,Jeans,Levis,Slim Fit,62.0,50.0,3.0,1.37,185.0,3.0,32.0,Credit Card,2.0
2023-10-06,56-65,CA,Female,Low,Email,Electronics,Smartphones,Samsung,Galaxy S21,741.0,500.0,1.0,0.94,741.0,3.0,238.0,Credit Card,2.0
2023-10-06,36-45,FL,Male,Middle,Organic,Electronics,Laptops,Dell,Inspiron,770.0,600.0,2.0,1.18,1541.0,17.0,324.0,Debit Card,4.0
2023-10-06,18-25,FL,Female,Middle,Affiliates,Electronics,Laptops,Dell,XPS,1426.0,1300.0,2.0,1.97,2852.0,17.0,235.0,Debit Card,5.0
2023-10-06,26-35,NC,Female,Low,App,Electronics,Smartphones,Samsung,Galaxy A32,309.0,250.0,2.0,1.65,619.0,14.0,105.0,Credit Card,5.0
2023-10-06,56-65,PA,Female,Middle,Others,Clothing,T-Shirts,Adidas,Performance,61.0,45.0,2.0,1.04,122.0,4.0,28.0,Credit Card,5.0
2023-10-06,26-35,NC,Male,High,PPC,Electronics,Smartphones,Samsung,Galaxy Z Fold 5,1558.0,1500.0,1.0,1.72,1558.0,9.0,49.0,Credit Card,4.0
2023-10-06,66+,NY,Female,Middle,App,Clothing,Jeans,Levis,501 Original,73.0,60.0,2.0,0.75,146.0,6.0,20.0,BNPL,2.0
2023-10-06,56-65,PA,Female,Middle,Organic,Clothing,Jeans,Wrangler,Authentics,44.0,30.0,2.0,1.76,88.0,4.0,24.0,Credit Card,3.0
2023-10-06,26-35,CA,Female,Middle,Others,Electronics,Smartphones,Apple,iPhone 14,867.0,700.0,3.0,1.99,2601.0,13.0,488.0,Credit Card,4.0
2023-10-06,18-25,NY,Male,Low,Email,Home,Beds,Serta,iComfort,2113.0,1900.0,1.0,1.91,2113.0,15.0,199.0,Credit Card,4.0
2023-10-06,26-35,FL,Other,Middle,Email,Beauty,Makeup,Maybelline,Lash Sensational Mascara,15.0,10.0,1.0,1.87,15.0,3.0,2.0,Credit Card,2.0
2023-10-06,56-65,OH,Male,Low,PPC,Beauty,Skincare,Neutrogena,Rapid Wrinkle Repair,23.0,20.0,3.0,0.5,70.0,3.0,7.0,Credit Card,5.0
2023-10-06,46-55,GA,Male,Middle,Affiliates,Electronics,Laptops,Apple Laptop,MacBook Air M2,1153.0,1000.0,1.0,1.45,1153.0,7.0,147.0,Credit Card,4.0
2023-10-06,56-65,NC,Female,Middle,Others,Beauty,Makeup,Maybelline,Lash Sensational Mascara,15.0,10.0,2.0,1.92,30.0,5.0,5.0,BNPL,4.0
2023-10-06,18-25,NY,Male,High,Affiliates,Beauty,Makeup,Maybelline,Fit Me Foundation,16.0,15.0,5.0,1.72,81.0,6.0,1.0,Credit Card,5.0
2023-10-06,18-25,TX,Female,High,Email,Beauty,Makeup,Maybelline,Fit Me Foundation,14.0,15.0,2.0,0.68,27.0,3.0,-6.0,BNPL,2.0
2023-10-06,36-45,NY,Male,Middle,Others,Beauty,Makeup,Revlon,PhotoReady Concealer,17.0,12.0,5.0,1.17,87.0,6.0,21.0,Debit Card,6.0
2023-10-06,36-45,OH,Male,Middle,Organic,Clothing,T-Shirts,Nike,Sportswear,38.0,25.0,1.0,0.82,38.0,3.0,10.0,Debit Card,5.0
2023-10-06,56-65,CA,Male,Middle,Email,Clothing,Jeans,Wrangler,Authentics,43.0,30.0,1.0,1.7,43.0,3.0,10.0,Debit Card,2.0
2023-10-06,26-35,PA,Female,Middle,App,Home,Furniture,Ashley Furniture,Sofa,385.0,300.0,2.0,1.21,770.0,21.0,149.0,Credit Card,5.0
2023-10-06,26-35,PA,Male,Low,Organic,Home,Beds,Tempur-Pedic,Contour Elite,1817.0,1700.0,1.0,1.85,1817.0,13.0,103.0,Credit Card,4.0
2023-10-06,26-35,FL,Female,Low,Others,Beauty,Makeup,Revlon,PhotoReady Concealer,16.0,12.0,1.0,0.7,16.0,3.0,1.0,BNPL,2.0
2023-10-06,26-35,IL,Other,High,Email,Electronics,Smartphones,Apple,iPhone 14,879.0,700.0,3.0,1.39,2638.0,17.0,521.0,Digital Wallet,3.0
2023-10-06,26-35,CA,Other,Middle,Affiliates,Beauty,Makeup,Maybelline,Lash Sensational Mascara,11.0,10.0,1.0,1.18,11.0,3.0,-2.0,Digital Wallet,3.0
2023-10-06,18-25,NY,Male,Middle,PPC,Clothing,Jeans,Wrangler,Regular Fit,54.0,35.0,3.0,0.9,162.0,7.0,49.0,Debit Card,5.0
2023-10-06,18-25,CA,Male,Middle,Affiliates,Clothing,T-Shirts,Nike,Sportswear,38.0,25.0,1.0,0.74,38.0,3.0,10.0,BNPL,2.0
2023-10-06,56-65,CA,Female,Middle,PPC,Clothing,Jeans,Wrangler,Regular Fit,49.0,35.0,2.0,1.2,99.0,3.0,26.0,Credit Card,2.0
2023-10-06,26-35,MI,Other,High,Others,Electronics,Laptops,Apple Laptop,MacBook Pro M3,1593.0,1500.0,2.0,1.11,3187.0,18.0,169.0,Debit Card,6.0
2023-10-06,56-65,GA,Other,High,Others,Clothing,Jeans,Wrangler,Regular Fit,53.0,35.0,2.0,1.87,106.0,3.0,33.0,Digital Wallet,5.0
2023-10-06,36-45,IL,Other,Low,App,Beauty,Makeup,Revlon,PhotoReady Concealer,11.0,12.0,10.0,0.95,107.0,8.0,-20.0,Credit Card,7.0
2023-10-06,26-35,PA,Other,High,App,Clothing,Jeans,Levis,501 Original,80.0,60.0,1.0,1.59,80.0,3.0,17.0,Debit Card,3.0
2023-10-06,36-45,NY,Male,Low,Others,Beauty,Makeup,Maybelline,Fit Me Foundation,19.0,15.0,4.0,1.13,76.0,5.0,11.0,Debit Card,5.0
2023-10-06,26-35,TX,Other,Middle,Affiliates,Beauty,Makeup,Maybelline,Lash Sensational Mascara,13.0,10.0,3.0,1.18,39.0,3.0,6.0,Digital Wallet,4.0
2023-10-06,26-35,FL,Male,Middle,Others,Clothing,Jeans,Levis,Bootcut,112.0,100.0,2.0,1.57,223.0,4.0,20.0,Credit Card,4.0
2023-10-06,66+,NY,Other,Middle,App,Beauty,Makeup,Revlon,ColorStay Lipstick,16.0,15.0,5.0,1.76,81.0,6.0,0.0,Digital Wallet,5.0
2023-10-06,56-65,FL,Female,Middle,Affiliates,Clothing,Jeans,Levis,501 Original,78.0,60.0,3.0,1.46,233.0,5.0,48.0,Debit Card,7.0
2023-10-06,18-25,PA,Other,High,Others,Clothing,T-Shirts,Nike,Dry-FIT,19.0,20.0,1.0,0.91,19.0,3.0,-4.0,Credit Card,4.0
2023-10-06,56-65,CA,Female,Middle,Email,Clothing,Jeans,Levis,501 Original,76.0,60.0,3.0,0.84,228.0,3.0,45.0,Credit Card,12.0
2023-10-06,46-55,MI,Female,Middle,Affiliates,Home,Furniture,IKEA,Billy Bookcase,149.0,100.0,1.0,1.24,149.0,12.0,36.0,Digital Wallet,5.0
2023-10-06,26-35,NY,Male,Middle,Others,Beauty,Makeup,Maybelline,Lash Sensational Mascara,15.0,10.0,4.0,0.67,59.0,5.0,14.0,Credit Card,4.0
2023-10-06,26-35,OH,Other,Low,App,Home,Beds,Serta,Perfect Sleeper,821.0,750.0,1.0,1.59,821.0,12.0,59.0,Digital Wallet,5.0
2023-10-06,18-25,FL,Male,Low,Email,Beauty,Makeup,Maybelline,Lash Sensational Mascara,13.0,10.0,5.0,1.87,66.0,4.0,12.0,Credit Card,5.0
2023-10-06,36-45,GA,Female,High,Affiliates,Home,Furniture,Ashley Furniture,Dining Table,327.0,200.0,1.0,1.69,327.0,9.0,119.0,Digital Wallet,3.0
2023-10-06,66+,OH,Male,High,Organic,Clothing,Jeans,Wrangler,Authentics,48.0,30.0,2.0,1.08,96.0,3.0,33.0,Credit Card,4.0
2023-10-06,56-65,NY,Female,Middle,App,Electronics,Smartphones,Apple,iPhone SE,568.0,400.0,3.0,0.76,1705.0,18.0,487.0,Debit Card,4.0
2023-10-06,36-45,CA,Female,Low,Affiliates,Beauty,Makeup,Revlon,PhotoReady Concealer,16.0,12.0,4.0,1.52,65.0,3.0,14.0,Digital Wallet,3.0
2023-10-06,56-65,NY,Other,Middle,Organic,Home,Furniture,Ashley Furniture,Dining Table,357.0,200.0,1.0,0.87,357.0,13.0,145.0,Credit Card,6.0
2023-10-06,46-55,IL,Male,High,Affiliates,Electronics,Smartphones,Apple,iPhone 15,955.0,800.0,2.0,1.79,1909.0,12.0,297.0,Credit Card,4.0
2023-10-06,56-65,CA,Other,Middle,App,Beauty,Makeup,Maybelline,Fit Me Foundation,17.0,15.0,1.0,1.38,17.0,3.0,-1.0,Debit Card,2.0
2023-10-06,66+,CA,Male,Low,Organic,Clothing,Jeans,Wrangler,Regular Fit,58.0,35.0,2.0,1.65,116.0,3.0,43.0,Credit Card,2.0
2023-10-06,18-25,TX,Male,High,Affiliates,Home,Furniture,Ashley Furniture,Sofa,418.0,300.0,1.0,1.5,418.0,10.0,109.0,Credit Card,4.0
2023-10-06,26-35,IL,Female,Middle,Others,Clothing,Jeans,Wrangler,Regular Fit,52.0,35.0,2.0,1.8,104.0,5.0,29.0,BNPL,3.0
2023-10-06,26-35,NY,Female,Middle,Others,Beauty,Makeup,Revlon,ColorStay Lipstick,19.0,15.0,1.0,1.48,19.0,3.0,1.0,Digital Wallet,5.0
2023-10-06,46-55,PA,Male,Middle,Organic,Clothing,Jeans,Wrangler,Authentics,46.0,30.0,3.0,1.03,139.0,6.0,44.0,Digital Wallet,3.0
2023-10-06,18-25,CA,Male,Middle,Others,Clothing,Jeans,Levis,Bootcut,115.0,100.0,2.0,1.31,229.0,3.0,26.0,Credit Card,3.0
2023-10-06,56-65,NY,Female,Middle,Others,Home,Furniture,IKEA,Kallax Shelf,57.0,60.0,1.0,1.52,57.0,13.0,-16.0,BNPL,4.0
2023-10-06,26-35,NC,Other,High,Affiliates,Clothing,Jeans,Levis,501 Original,74.0,60.0,3.0,1.86,221.0,8.0,33.0,Debit Card,4.0
2023-10-06,56-65,PA,Other,Middle,Email,Beauty,Skincare,Neutrogena,Hydro Boost Gel,16.0,20.0,1.0,1.64,16.0,3.0,-7.0,Credit Card,3.0
2023-10-06,46-55,NY,Male,Middle,Affiliates,Beauty,Skincare,Neutrogena,Hydro Boost Gel,22.0,20.0,4.0,1.02,90.0,5.0,4.0,Digital Wallet,5.0
2023-10-06,46-55,NY,Other,Low,Affiliates,Electronics,Smartphones,Apple,iPhone 15,952.0,800.0,1.0,1.06,952.0,8.0,145.0,Debit Card,10.0
2023-10-06,46-55,CA,Female,High,Affiliates,Beauty,Makeup,Revlon,PhotoReady Concealer,16.0,12.0,1.0,1.5,16.0,3.0,1.0,BNPL,2.0
2023-10-06,66+,TX,Male,Low,Affiliates,Beauty,Skincare,Neutrogena,Rapid Wrinkle Repair,24.0,20.0,4.0,0.84,96.0,3.0,13.0,Debit Card,5.0
2023-10-06,46-55,CA,Male,Low,Email,Clothing,Jeans,Wrangler,Authentics,43.0,30.0,1.0,1.8,43.0,3.0,10.0,Debit Card,2.0
2023-10-06,26-35,IL,Male,Low,PPC,Clothing,Jeans,Levis,501 Original,72.0,60.0,1.0,1.03,72.0,3.0,9.0,Credit Card,4.0
2023-10-06,26-35,FL,Other,Low,Others,Beauty,Makeup,Maybelline,Fit Me Foundation,19.0,15.0,4.0,0.74,75.0,3.0,12.0,Debit Card,5.0
2023-10-06,26-35,MI,Male,Middle,App,Electronics,Smartphones,Apple,iPhone 14,839.0,700.0,3.0,1.9,2516.0,17.0,399.0,Credit Card,5.0
2023-10-06,56-65,PA,Male,High,Others,Clothing,Jeans,Wrangler,Authentics,36.0,30.0,2.0,1.08,72.0,4.0,8.0,Credit Card,4.0
2023-10-06,36-45,TX,Male,High,Others,Clothing,T-Shirts,Adidas,Essentials,38.0,35.0,3.0,0.74,114.0,3.0,6.0,Digital Wallet,4.0
2023-10-06,36-45,IL,Male,Middle,Others,Electronics,Laptops,Dell,Inspiron,869.0,600.0,1.0,0.84,869.0,10.0,260.0,Digital Wallet,6.0
2023-10-06,36-45,NY,Female,Low,Email,Electronics,Smartphones,Apple,iPhone SE,532.0,400.0,3.0,1.2,1597.0,18.0,379.0,Credit Card,5.0
2023-10-06,18-25,NC,Female,Middle,Others,Home,Beds,Serta,Perfect Sleeper,851.0,750.0,2.0,1.66,1703.0,28.0,175.0,Credit Card,5.0
2023-10-06,56-65,OH,Female,Middle,Email,Beauty,Makeup,Maybelline,Lash Sensational Mascara,18.0,10.0,5.0,1.2,90.0,3.0,37.0,Digital Wallet,5.0
2023-10-06,26-35,MI,Female,Middle,Organic,Electronics,Smartphones,Samsung,Galaxy A32,285.0,250.0,3.0,0.98,856.0,17.0,89.0,Debit Card,5.0
2023-10-06,56-65,CA,Female,High,App,Clothing,Jeans,Wrangler,Regular Fit,50.0,35.0,3.0,0.99,151.0,3.0,43.0,Credit Card,3.0
2023-10-06,66+,FL,Male,Middle,App,Clothing,T-Shirts,Nike,Sportswear,35.0,25.0,5.0,1.27,174.0,7.0,42.0,Digital Wallet,4.0
2023-10-06,46-55,OH,Female,Middle,App,Beauty,Makeup,Revlon,ColorStay Lipstick,16.0,15.0,3.0,1.13,49.0,3.0,1.0,Credit Card,3.0
2023-10-06,56-65,CA,Other,Low,Affiliates,Home,Beds,Tempur-Pedic,Cloud Supreme,1800.0,1800.0,4.0,1.62,7200.0,46.0,-45.0,Digital Wallet,4.0
2023-10-06,56-65,PA,Male,High,PPC,Home,Furniture,IKEA,Billy Bookcase,142.0,100.0,1.0,0.85,142.0,11.0,31.0,Digital Wallet,5.0
2023-10-06,26-35,PA,Female,Low,App,Clothing,Jeans,Levis,Bootcut,111.0,100.0,1.0,1.37,111.0,3.0,8.0,Debit Card,3.0
2023-10-06,36-45,CA,Other,Middle,Email,Home,Beds,Tempur-Pedic,Contour Elite,1696.0,1700.0,2.0,1.28,3392.0,22.0,-30.0,Debit Card,4.0
2023-10-06,36-45,CA,Female,Middle,PPC,Beauty,Makeup,Maybelline,Lash Sensational Mascara,12.0,10.0,5.0,0.57,61.0,3.0,8.0,Credit Card,4.0
2023-10-06,18-25,OH,Other,Low,App,Clothing,Jeans,Wrangler,Regular Fit,57.0,35.0,2.0,1.47,115.0,3.0,41.0,Debit Card,3.0
2023-10-06,36-45,FL,Female,Middle,Others,Beauty,Makeup,Revlon,PhotoReady Concealer,17.0,12.0,3.0,1.46,50.0,3.0,11.0,Digital Wallet,4.0
2023-10-06,36-45,CA,Male,Low,PPC,Clothing,Jeans,Wrangler,Regular Fit,58.0,35.0,11.0,1.21,633.0,14.0,234.0,Digital Wallet,7.0
2023-10-06,46-55,PA,Male,Middle,App,Home,Beds,Serta,Perfect Sleeper,832.0,750.0,1.0,1.13,832.0,13.0,69.0,Credit Card,5.0
2023-10-06,56-65,NC,Female,Middle,Organic,Electronics,Laptops,HP,Envy,840.0,700.0,1.0,1.17,840.0,12.0,129.0,Debit Card,4.0
2023-10-06,26-35,OH,Male,Middle,PPC,Electronics,Smartphones,Apple,iPhone 15,999.0,800.0,3.0,0.53,2998.0,15.0,583.0,Digital Wallet,5.0
2023-10-06,36-45,FL,Other,Middle,Affiliates,Home,Furniture,IKEA,Billy Bookcase,155.0,100.0,2.0,1.59,309.0,21.0,89.0,Digital Wallet,5.0
2023-10-06,36-45,IL,Female,Middle,Others,Clothing,T-Shirts,Adidas,Essentials,41.0,35.0,1.0,0.53,41.0,3.0,3.0,Digital Wallet,6.0
2023-10-06,46-55,NC,Other,Low,App,Electronics,Laptops,Apple Laptop,MacBook Pro M3,1705.0,1500.0,1.0,0.75,1705.0,12.0,193.0,Debit Card,10.0
2023-10-06,18-25,PA,Female,Middle,Affiliates,Electronics,Smartphones,Apple,iPhone 14,907.0,700.0,2.0,1.56,1813.0,11.0,402.0,Credit Card,4.0
2023-10-06,26-35,TX,Male,Middle,Affiliates,Beauty,Makeup,Maybelline,Lash Sensational Mascara,17.0,10.0,3.0,1.48,50.0,3.0,17.0,Digital Wallet,4.0
2023-10-06,18-25,NY,Female,High,PPC,Clothing,Jeans,Wrangler,Regular Fit,53.0,35.0,3.0,1.0,159.0,7.0,46.0,BNPL,5.0
2023-10-06,56-65,GA,Female,Middle,App,Beauty,Makeup,Revlon,ColorStay Lipstick,17.0,15.0,1.0,1.51,17.0,3.0,-1.0,Credit Card,3.0
2023-10-06,36-45,CA,Male,Middle,Email,Electronics,Laptops,HP,Pavilion,697.0,600.0,1.0,0.8,697.0,6.0,91.0,Debit Card,2.0
2023-10-06,36-45,FL,Male,Low,Organic,Home,Beds,Tempur-Pedic,Contour Elite,1779.0,1700.0,1.0,1.84,1779.0,13.0,67.0,Credit Card,5.0
2023-10-06,18-25,IL,Other,Low,Affiliates,Beauty,Makeup,Maybelline,Fit Me Foundation,19.0,15.0,4.0,1.49,78.0,4.0,14.0,Credit Card,6.0
2023-10-06,66+,CA,Female,High,Email,Clothing,Jeans,Levis,Bootcut,120.0,100.0,2.0,1.79,241.0,3.0,38.0,Debit Card,2.0
2023-10-06,26-35,NY,Female,Middle,Organic,Home,Furniture,IKEA,Kallax Shelf,80.0,60.0,1.0,1.72,80.0,13.0,7.0,Credit Card,5.0
2023-10-06,36-45,CA,Female,High,Organic,Electronics,Laptops,Dell,XPS,1343.0,1300.0,2.0,0.58,2687.0,14.0,73.0,Credit Card,3.0
2023-10-06,36-45,CA,Other,Middle,Email,Electronics,Laptops,Apple Laptop,MacBook Air M2,1171.0,1000.0,1.0,0.99,1171.0,6.0,165.0,Credit Card,3.0
2023-10-06,66+,IL,Female,Middle,Affiliates,Electronics,Smartphones,Apple,iPhone 15,984.0,800.0,3.0,1.2,2951.0,17.0,534.0,Credit Card,5.0
2023-10-06,66+,IL,Male,Middle,Email,Home,Beds,Tempur-Pedic,Cloud Supreme,1922.0,1800.0,2.0,0.95,3843.0,26.0,218.0,Digital Wallet,4.0
2023-10-06,56-65,OH,Female,Middle,App,Clothing,Jeans,Levis,Slim Fit,66.0,50.0,1.0,1.43,66.0,3.0,13.0,Debit Card,4.0
2023-10-06,26-35,PA,Male,Middle,Email,Electronics,Laptops,HP,Pavilion,741.0,600.0,1.0,1.43,741.0,9.0,132.0,BNPL,3.0
2023-10-06,26-35,CA,Female,Low,App,Home,Beds,Serta,iComfort,2158.0,1900.0,2.0,1.05,4316.0,22.0,494.0,Digital Wallet,5.0
2023-10-06,66+,MI,Male,Middle,Organic,Beauty,Makeup,Revlon,ColorStay Lipstick,17.0,15.0,3.0,1.29,52.0,4.0,3.0,Credit Card,3.0
2023-10-06,26-35,NC,Other,Low,Organic,Electronics,Smartphones,Apple,iPhone 14,922.0,700.0,1.0,0.55,922.0,9.0,214.0,Credit Card,4.0
2023-10-06,36-45,TX,Female,Low,App,Home,Beds,Serta,Perfect Sleeper,854.0,750.0,2.0,0.81,1707.0,24.0,183.0,Digital Wallet,4.0
2023-10-06,36-45,TX,Female,Low,Others,Home,Furniture,IKEA,Billy Bookcase,137.0,100.0,2.0,1.89,274.0,20.0,55.0,Credit Card,5.0
2023-10-06,26-35,OH,Male,Low,Affiliates,Clothing,Jeans,Wrangler,Authentics,44.0,30.0,3.0,1.05,131.0,5.0,36.0,Digital Wallet,4.0
2023-10-06,36-45,MI,Female,High,Affiliates,Beauty,Makeup,Maybelline,Fit Me Foundation,16.0,15.0,5.0,1.87,80.0,5.0,-0.0,Debit Card,4.0
2023-10-06,56-65,PA,Female,Low,Affiliates,Home,Furniture,IKEA,Kallax Shelf,63.0,60.0,2.0,0.97,126.0,21.0,-15.0,Credit Card,5.0
2023-10-06,26-35,TX,Female,Low,Organic,Clothing,T-Shirts,Nike,Dry-FIT,32.0,20.0,5.0,1.11,161.0,6.0,55.0,Credit Card,6.0
2023-10-06,56-65,IL,Female,High,Email,Electronics,Smartphones,Samsung,Galaxy A32,317.0,250.0,2.0,1.61,634.0,12.0,123.0,BNPL,6.0
2023-10-06,18-25,GA,Male,Middle,App,Clothing,T-Shirts,Nike,Pro,46.0,30.0,3.0,1.76,138.0,3.0,45.0,Credit Card,3.0
2023-10-06,46-55,OH,Other,Middle,Others,Beauty,Makeup,Maybelline,Lash Sensational Mascara,14.0,10.0,7.0,1.89,101.0,4.0,26.0,Digital Wallet,5.0
2023-10-06,36-45,NY,Male,Low,Others,Clothing,T-Shirts,Adidas,Performance,51.0,45.0,1.0,1.38,51.0,4.0,2.0,Digital Wallet,5.0
2023-10-06,26-35,TX,Male,Middle,Organic,Home,Beds,Serta,iComfort,1883.0,1900.0,2.0,1.14,3765.0,24.0,-59.0,Digital Wallet,4.0
2023-10-06,46-55,NY,Other,Low,Others,Home,Furniture,IKEA,Kallax Shelf,61.0,60.0,2.0,0.64,123.0,23.0,-20.0,Digital Wallet,6.0
2023-10-06,36-45,GA,Female,High,Organic,Electronics,Laptops,HP,Envy,828.0,700.0,2.0,1.03,1655.0,15.0,241.0,Credit Card,4.0
2023-10-06,46-55,TX,Female,Middle,App,Electronics,Laptops,Dell,XPS,1370.0,1300.0,1.0,1.71,1370.0,8.0,63.0,Credit Card,4.0
2023-10-06,18-25,TX,Male,Middle,Email,Home,Furniture,Ashley Furniture,Bed Frame,206.0,100.0,2.0,1.25,412.0,20.0,192.0,Debit Card,4.0
2023-10-06,26-35,FL,Female,Middle,Email,Home,Furniture,Ashley Furniture,Sofa,361.0,300.0,1.0,1.15,361.0,11.0,51.0,Debit Card,4.0
2023-10-06,36-45,PA,Female,Low,Organic,Home,Furniture,IKEA,Billy Bookcase,155.0,100.0,1.0,1.18,155.0,11.0,44.0,Credit Card,4.0
2023-10-06,26-35,FL,Female,Low,Organic,Clothing,Jeans,Wrangler,Regular Fit,62.0,35.0,2.0,1.22,124.0,4.0,50.0,Digital Wallet,4.0
2023-10-06,18-25,CA,Male,Low,Affiliates,Clothing,Jeans,Wrangler,Authentics,56.0,30.0,2.0,0.61,111.0,3.0,48.0,Debit Card,4.0
2023-10-06,66+,CA,Female,Middle,App,Beauty,Makeup,Maybelline,Lash Sensational Mascara,13.0,10.0,3.0,0.84,39.0,3.0,6.0,Debit Card,4.0
2023-10-06,36-45,TX,Female,High,Affiliates,Electronics,Smartphones,Samsung,Galaxy S21,619.0,500.0,2.0,0.82,1239.0,10.0,229.0,Credit Card,4.0
2023-10-06,36-45,PA,Female,Low,App,Electronics,Smartphones,Apple,iPhone 14,913.0,700.0,1.0,0.73,913.0,6.0,207.0,Credit Card,3.0
2023-10-06,26-35,MI,Male,Middle,App,Home,Furniture,Ashley Furniture,Bed Frame,222.0,100.0,2.0,1.02,443.0,22.0,221.0,BNPL,6.0
2023-10-06,26-35,PA,Male,Middle,Affiliates,Electronics,Smartphones,Apple,iPhone 14,908.0,700.0,1.0,1.3,908.0,6.0,202.0,Digital Wallet,3.0
2023-10-06,26-35,NY,Male,Middle,App,Clothing,Jeans,Levis,Slim Fit,58.0,50.0,2.0,1.61,116.0,6.0,10.0,Credit Card,5.0
2023-10-06,56-65,CA,Female,Low,PPC,Electronics,Laptops,HP,Pavilion,833.0,600.0,2.0,1.1,1666.0,14.0,453.0,Digital Wallet,2.0
2023-10-06,46-55,TX,Female,Middle,Others,Clothing,T-Shirts,Adidas,Performance,69.0,45.0,4.0,1.2,275.0,4.0,91.0,Credit Card,3.0
2023-10-06,66+,TX,Other,Low,Email,Beauty,Skincare,Neutrogena,Oil-Free Acne Wash,20.0,15.0,1.0,1.8,20.0,3.0,2.0,Digital Wallet,4.0
2023-10-06,56-65,OH,Male,Middle,PPC,Home,Furniture,IKEA,Billy Bookcase,132.0,100.0,2.0,0.54,264.0,20.0,44.0,Debit Card,6.0
2023-10-06,26-35,FL,Female,High,Others,Electronics,Smartphones,Apple,iPhone 14,866.0,700.0,2.0,0.94,1732.0,11.0,321.0,Digital Wallet,4.0
2023-10-06,26-35,CA,Female,High,App,Beauty,Makeup,Revlon,ColorStay Lipstick,16.0,15.0,1.0,1.27,16.0,3.0,-2.0,Digital Wallet,2.0
2023-10-06,56-65,PA,Male,Middle,Organic,Beauty,Skincare,Neutrogena,Hydro Boost Gel,24.0,20.0,1.0,1.15,24.0,3.0,1.0,Digital Wallet,3.0
2023-10-06,56-65,NY,Female,Low,App,Beauty,Makeup,Maybelline,Lash Sensational Mascara,13.0,10.0,6.0,1.57,78.0,6.0,11.0,Debit Card,8.0
2023-10-06,66+,PA,Male,Middle,Organic,Clothing,Jeans,Levis,Slim Fit,59.0,50.0,2.0,0.93,118.0,4.0,14.0,Credit Card,5.0
2023-10-06,56-65,MI,Female,Middle,Affiliates,Electronics,Smartphones,Apple,iPhone 15,997.0,800.0,1.0,0.84,997.0,7.0,190.0,Credit Card,3.0
2023-10-06,26-35,TX,Male,High,Email,Clothing,T-Shirts,Adidas,Performance,71.0,45.0,4.0,1.47,283.0,4.0,98.0,Debit Card,4.0
2023-10-06,26-35,FL,Male,Middle,PPC,Home,Furniture,IKEA,Billy Bookcase,140.0,100.0,2.0,0.58,279.0,21.0,59.0,Digital Wallet,6.0
2023-10-06,36-45,PA,Male,Middle,App,Electronics,Laptops,Dell,XPS,1332.0,1300.0,7.0,1.45,9327.0,57.0,170.0,Credit Card,7.0
2023-10-06,36-45,OH,Female,Middle,Affiliates,Beauty,Skincare,Neutrogena,Rapid Wrinkle Repair,31.0,20.0,3.0,0.72,93.0,3.0,30.0,Credit Card,5.0
2023-10-06,18-25,IL,Male,Middle,Affiliates,Beauty,Makeup,Maybelline,Fit Me Foundation,22.0,15.0,6.0,1.3,132.0,5.0,37.0,Digital Wallet,6.0
2023-10-06,26-35,TX,Male,High,App,Home,Beds,Tempur-Pedic,Cloud Supreme,1806.0,1800.0,1.0,0.7,1806.0,12.0,-6.0,Digital Wallet,4.0
2023-10-06,18-25,PA,Male,Middle,App,Electronics,Smartphones,Apple,iPhone 15,1017.0,800.0,1.0,1.07,1017.0,6.0,211.0,Credit Card,3.0
2023-10-06,46-55,CA,Other,Middle,Others,Beauty,Makeup,Maybelline,Lash Sensational Mascara,14.0,10.0,6.0,0.66,82.0,3.0,19.0,Debit Card,4.0
2023-10-06,26-35,CA,Other,High,App,Home,Furniture,IKEA,Kallax Shelf,76.0,60.0,1.0,0.73,76.0,8.0,8.0,Debit Card,4.0
2023-10-06,18-25,CA,Male,Middle,Email,Beauty,Makeup,Revlon,PhotoReady Concealer,15.0,12.0,3.0,1.13,44.0,3.0,5.0,Credit Card,5.0
2023-10-06,18-25,NY,Male,Middle,Email,Beauty,Makeup,Revlon,ColorStay Lipstick,21.0,15.0,2.0,0.63,42.0,4.0,8.0,Credit Card,3.0
2023-10-06,18-25,FL,Female,Middle,Affiliates,Clothing,T-Shirts,Adidas,Performance,65.0,45.0,4.0,1.49,261.0,5.0,75.0,Digital Wallet,5.0
2023-10-06,26-35,GA,Female,High,App,Beauty,Makeup,Maybelline,Lash Sensational Mascara,11.0,10.0,4.0,1.32,44.0,3.0,1.0,Digital Wallet,4.0
2023-10-06,26-35,NY,Other,Middle,App,Home,Beds,Tempur-Pedic,Cloud Supreme,1834.0,1800.0,1.0,1.61,1834.0,15.0,19.0,Debit Card,10.0
2023-10-06,26-35,CA,Female,Low,Affiliates,Beauty,Skincare,Neutrogena,Rapid Wrinkle Repair,29.0,20.0,3.0,1.7,88.0,3.0,25.0,BNPL,2.0
2023-10-06,18-25,FL,Female,High,PPC,Home,Furniture,IKEA,Billy Bookcase,150.0,100.0,2.0,1.46,301.0,21.0,80.0,Credit Card,5.0
2023-10-06,26-35,FL,Male,Middle,Affiliates,Electronics,Smartphones,Samsung,Galaxy S21,676.0,500.0,3.0,1.99,2028.0,16.0,512.0,Debit Card,4.0
2023-10-06,36-45,GA,Male,Middle,App,Home,Furniture,IKEA,Kallax Shelf,76.0,60.0,2.0,0.91,153.0,19.0,14.0,Debit Card,5.0
2023-10-06,18-25,CA,Male,Middle,Organic,Clothing,T-Shirts,Adidas,Performance,68.0,45.0,3.0,1.99,204.0,3.0,66.0,Digital Wallet,6.0
2023-10-06,56-65,NY,Other,Low,Organic,Home,Beds,Serta,Perfect Sleeper,862.0,750.0,2.0,1.38,1723.0,27.0,196.0,Digital Wallet,7.0
2023-10-06,36-45,NY,Male,Low,Email,Clothing,Jeans,Wrangler,Authentics,41.0,30.0,3.0,1.52,122.0,7.0,25.0,Debit Card,5.0
2023-10-06,36-45,NY,Female,Low,PPC,Electronics,Laptops,Dell,XPS,1429.0,1300.0,2.0,0.99,2859.0,19.0,240.0,Digital Wallet,6.0
2023-10-06,46-55,GA,Male,Middle,Email,Clothing,Jeans,Levis,501 Original,79.0,60.0,3.0,1.96,236.0,3.0,53.0,Digital Wallet,4.0
2023-10-06,36-45,IL,Male,Middle,Affiliates,Clothing,Jeans,Wrangler,Authentics,45.0,30.0,2.0,1.97,90.0,5.0,25.0,Credit Card,3.0
2023-10-06,36-45,PA,Female,Low,Organic,Clothing,Jeans,Levis,501 Original,78.0,60.0,2.0,1.88,157.0,4.0,32.0,Digital Wallet,5.0
2023-10-06,66+,CA,Male,Low,Email,Clothing,Jeans,Wrangler,Regular Fit,57.0,35.0,1.0,1.21,57.0,3.0,19.0,BNPL,3.0
2023-10-06,56-65,GA,Male,Middle,Organic,Clothing,Jeans,Levis,Bootcut,123.0,100.0,3.0,1.97,368.0,3.0,64.0,Credit Card,4.0
2023-10-06,26-35,NY,Other,Middle,PPC,Clothing,Jeans,Wrangler,Regular Fit,52.0,35.0,1.0,1.92,52.0,4.0,13.0,Credit Card,4.0
2023-10-06,26-35,FL,Female,Middle,Organic,Clothing,T-Shirts,Nike,Dry-FIT,25.0,20.0,3.0,0.7,75.0,4.0,11.0,Digital Wallet,5.0
2023-10-06,46-55,CA,Other,Middle,App,Clothing,Jeans,Levis,501 Original,82.0,60.0,1.0,1.77,82.0,3.0,19.0,BNPL,3.0
2023-10-06,46-55,MI,Male,Low,Organic,Beauty,Makeup,Maybelline,Lash Sensational Mascara,13.0,10.0,6.0,0.93,78.0,6.0,13.0,Digital Wallet,6.0
2023-10-06,36-45,OH,Other,High,Others,Home,Furniture,IKEA,Billy Bookcase,120.0,100.0,2.0,1.38,240.0,20.0,20.0,Credit Card,8.0
2023-10-06,56-65,CA,Female,Middle,Others,Home,Beds,Tempur-Pedic,Contour Elite,1653.0,1700.0,2.0,0.52,3306.0,22.0,-116.0,Debit Card,3.0
2023-10-06,36-45,MI,Female,Middle,App,Home,Beds,Tempur-Pedic,Contour Elite,1692.0,1700.0,2.0,1.42,3385.0,26.0,-41.0,Debit Card,4.0
2023-10-06,18-25,CA,Male,High,Others,Home,Beds,Serta,Perfect Sleeper,859.0,750.0,1.0,0.94,859.0,10.0,99.0,Debit Card,3.0
2023-10-06,36-45,MI,Other,High,Organic,Clothing,T-Shirts,Adidas,Essentials,41.0,35.0,3.0,0.81,124.0,6.0,13.0,Digital Wallet,3.0
2023-10-06,36-45,CA,Male,Middle,Affiliates,Clothing,Jeans,Levis,Slim Fit,55.0,50.0,2.0,1.04,109.0,3.0,6.0,BNPL,3.0
2023-10-06,36-45,OH,Female,Low,App,Clothing,Jeans,Levis,Slim Fit,67.0,50.0,3.0,0.7,200.0,5.0,46.0,Debit Card,5.0
2023-10-06,56-65,TX,Female,Low,Organic,Clothing,Jeans,Wrangler,Authentics,44.0,30.0,3.0,0.76,133.0,4.0,39.0,Credit Card,4.0
2023-10-06,46-55,NC,Other,Middle,Others,Beauty,Makeup,Maybelline,Lash Sensational Mascara,10.0,10.0,6.0,0.96,58.0,7.0,-9.0,Digital Wallet,6.0
2023-10-06,46-55,NC,Other,Middle,Others,Clothing,Jeans,Wrangler,Regular Fit,58.0,35.0,3.0,1.45,175.0,8.0,62.0,Debit Card,7.0
2023-10-06,56-65,NY,Male,Middle,App,Beauty,Skincare,Neutrogena,Rapid Wrinkle Repair,30.0,20.0,3.0,1.3,91.0,5.0,26.0,Digital Wallet,3.0
2023-10-06,56-65,NY,Female,Middle,App,Beauty,Makeup,Revlon,PhotoReady Concealer,17.0,12.0,4.0,1.18,67.0,5.0,14.0,Credit Card,2.0
2023-10-06,66+,NY,Male,Middle,App,Clothing,T-Shirts,Nike,Sportswear,40.0,25.0,1.0,1.69,40.0,4.0,11.0,Digital Wallet,4.0
2023-10-06,36-45,TX,Female,High,Affiliates,Electronics,Smartphones,Samsung,Galaxy S21,672.0,500.0,3.0,1.71,2016.0,15.0,501.0,Credit Card,3.0
2023-10-06,56-65,GA,Female,Middle,Others,Clothing,Jeans,Wrangler,Authentics,47.0,30.0,2.0,1.24,93.0,3.0,30.0,BNPL,3.0
2023-10-06,18-25,GA,Female,Middle,Organic,Clothing,Jeans,Wrangler,Authentics,50.0,30.0,3.0,1.88,150.0,3.0,57.0,Credit Card,7.0
2023-10-06,46-55,NY,Male,Middle,App,Beauty,Makeup,Maybelline,Lash Sensational Mascara,11.0,10.0,1.0,1.05,11.0,3.0,-2.0,Credit Card,3.0
2023-10-06,46-55,FL,Female,Low,Others,Electronics,Laptops,HP,Envy,841.0,700.0,1.0,1.26,841.0,9.0,133.0,Digital Wallet,3.0
2023-10-06,36-45,TX,Other,Low,Organic,Electronics,Smartphones,Apple,iPhone 15,1007.0,800.0,2.0,1.42,2014.0,10.0,404.0,Digital Wallet,2.0
2023-10-06,18-25,FL,Other,Middle,Organic,Clothing,Jeans,Wrangler,Authentics,40.0,30.0,2.0,1.49,81.0,4.0,17.0,Credit Card,3.0
2023-10-06,18-25,IL,Male,Middle,Email,Beauty,Skincare,Neutrogena,Rapid Wrinkle Repair,25.0,20.0,1.0,1.69,25.0,3.0,2.0,BNPL,2.0
2023-10-06,66+,FL,Male,Low,App,Electronics,Smartphones,Samsung,Galaxy S21,592.0,500.0,2.0,1.65,1183.0,11.0,173.0,Credit Card,3.0
2023-10-06,36-45,FL,Other,Low,App,Beauty,Makeup,Revlon,PhotoReady Concealer,13.0,12.0,4.0,1.38,53.0,3.0,2.0,Credit Card,4.0
2023-10-06,36-45,FL,Female,Middle,App,Clothing,Jeans,Wrangler,Regular Fit,52.0,35.0,3.0,1.17,157.0,5.0,47.0,Debit Card,2.0
2023-10-06,18-25,CA,Male,High,Others,Home,Beds,Tempur-Pedic,Cloud Supreme,1921.0,1800.0,1.0,0.88,1921.0,10.0,111.0,Digital Wallet,4.0
2023-10-06,36-45,NY,Male,High,Email,Beauty,Makeup,Maybelline,Lash Sensational Mascara,14.0,10.0,3.0,0.6,41.0,4.0,6.0,Digital Wallet,4.0
2023-10-06,26-35,GA,Female,Low,Email,Beauty,Makeup,Maybelline,Fit Me Foundation,17.0,15.0,5.0,0.79,86.0,3.0,8.0,Debit Card,5.0
2023-10-06,18-25,NC,Male,Low,Others,Electronics,Smartphones,Apple,iPhone 14,889.0,700.0,3.0,0.92,2667.0,19.0,549.0,Credit Card,5.0
2023-10-06,36-45,TX,Male,Low,App,Clothing,T-Shirts,Adidas,Essentials,47.0,35.0,2.0,1.5,95.0,3.0,22.0,Debit Card,4.0
2023-10-06,46-55,NY,Female,Middle,Others,Home,Furniture,IKEA,Kallax Shelf,76.0,60.0,2.0,1.58,151.0,23.0,8.0,Credit Card,5.0
2023-10-06,26-35,NY,Male,Middle,Affiliates,Electronics,Laptops,HP,Envy,782.0,700.0,1.0,1.99,782.0,11.0,72.0,Debit Card,6.0
2023-10-06,18-25,TX,Female,Middle,Email,Beauty,Makeup,Maybelline,Fit Me Foundation,15.0,15.0,6.0,0.52,87.0,3.0,-6.0,BNPL,5.0
2023-10-06,26-35,PA,Female,High,Organic,Home,Furniture,IKEA,Billy Bookcase,102.0,100.0,1.0,0.64,102.0,11.0,-9.0,Digital Wallet,5.0
2023-10-06,56-65,NY,Male,High,Organic,Clothing,T-Shirts,Nike,Pro,39.0,30.0,2.0,1.11,78.0,5.0,13.0,Credit Card,3.0
2023-10-06,46-55,TX,Female,Middle,Organic,Beauty,Makeup,Maybelline,Fit Me Foundation,18.0,15.0,3.0,0.65,55.0,3.0,7.0,Credit Card,3.0
2023-10-06,56-65,NC,Female,Middle,Organic,Electronics,Smartphones,Apple,iPhone 15,986.0,800.0,3.0,1.38,2958.0,19.0,540.0,Credit Card,12.0
2023-10-06,46-55,FL,Male,Low,Organic,Beauty,Makeup,Maybelline,Lash Sensational Mascara,15.0,10.0,5.0,0.55,75.0,4.0,22.0,Debit Card,5.0
2023-10-06,18-25,CA,Other,High,Others,Clothing,Jeans,Levis,501 Original,74.0,60.0,3.0,1.7,223.0,3.0,40.0,Digital Wallet,4.0
2023-10-06,56-65,PA,Female,Middle,PPC,Home,Furniture,IKEA,Billy Bookcase,126.0,100.0,2.0,0.92,253.0,21.0,32.0,Debit Card,6.0
2023-10-06,18-25,PA,Male,High,Affiliates,Electronics,Smartphones,Apple,iPhone 14,934.0,700.0,1.0,1.7,934.0,6.0,228.0,Digital Wallet,4.0
2023-10-06,36-45,NY,Female,Low,Affiliates,Clothing,T-Shirts,Adidas,Performance,68.0,45.0,5.0,1.21,339.0,9.0,105.0,Debit Card,5.0
2023-10-06,56-65,GA,Male,Low,Others,Home,Furniture,IKEA,Kallax Shelf,57.0,60.0,2.0,1.68,113.0,19.0,-25.0,Debit Card,6.0
2023-10-06,66+,TX,Other,Middle,Affiliates,Clothing,T-Shirts,Adidas,Essentials,42.0,35.0,1.0,0.9,42.0,3.0,4.0,Credit Card,4.0
2023-10-06,36-45,IL,Female,Middle,PPC,Beauty,Skincare,Neutrogena,Rapid Wrinkle Repair,21.0,20.0,2.0,1.34,42.0,3.0,-1.0,Debit Card,5.0
2023-10-06,56-65,MI,Male,Middle,Email,Clothing,Jeans,Wrangler,Authentics,38.0,30.0,3.0,0.83,114.0,7.0,17.0,Credit Card,5.0
2023-10-06,66+,NY,Other,Middle,PPC,Clothing,Jeans,Wrangler,Authentics,40.0,30.0,2.0,1.65,79.0,6.0,14.0,Digital Wallet,5.0
2023-10-06,18-25,IL,Female,Middle,Organic,Clothing,Jeans,Levis,501 Original,79.0,60.0,2.0,1.91,157.0,5.0,33.0,BNPL,3.0
2023-10-06,36-45,NY,Male,High,PPC,Beauty,Skincare,Neutrogena,Hydro Boost Gel,20.0,20.0,1.0,1.37,20.0,3.0,-4.0,Credit Card,2.0
2023-10-06,56-65,MI,Female,Middle,Organic,Electronics,Smartphones,Apple,iPhone SE,518.0,400.0,1.0,0.71,518.0,7.0,111.0,Debit Card,3.0
2023-10-06,26-35,CA,Female,High,Organic,Clothing,T-Shirts,Nike,Dry-FIT,24.0,20.0,3.0,1.79,71.0,3.0,8.0,Debit Card,4.0
2023-10-06,26-35,FL,Male,Middle,PPC,Home,Beds,Serta,iComfort,2079.0,1900.0,1.0,1.46,2079.0,13.0,166.0,Credit Card,5.0
2023-10-06,46-55,NC,Male,Middle,PPC,Clothing,Jeans,Wrangler,Authentics,49.0,30.0,1.0,1.0,49.0,5.0,14.0,Digital Wallet,4.0
2023-10-06,56-65,TX,Male,Middle,App,Beauty,Skincare,Neutrogena,Rapid Wrinkle Repair,35.0,20.0,4.0,1.8,141.0,3.0,58.0,Credit Card,3.0
2023-10-06,56-65,NC,Female,Middle,Affiliates,Beauty,Makeup,Maybelline,Fit Me Foundation,22.0,15.0,3.0,0.9,66.0,5.0,16.0,Digital Wallet,5.0
2023-10-06,36-45,PA,Female,Middle,Affiliates,Clothing,T-Shirts,Adidas,Performance,54.0,45.0,5.0,0.63,268.0,7.0,35.0,Digital Wallet,5.0
2023-10-06,26-35,NY,Female,High,App,Electronics,Laptops,Apple Laptop,MacBook Pro M3,1643.0,1500.0,1.0,1.32,1643.0,11.0,132.0,Digital Wallet,5.0
2023-10-06,46-55,NY,Female,Middle,App,Beauty,Makeup,Revlon,PhotoReady Concealer,16.0,12.0,6.0,1.44,96.0,6.0,18.0,Digital Wallet,5.0
2023-10-06,26-35,PA,Male,Middle,Affiliates,Clothing,T-Shirts,Adidas,Performance,64.0,45.0,1.0,0.56,64.0,3.0,16.0,Debit Card,5.0
2023-10-06,46-55,CA,Other,High,Email,Clothing,Jeans,Wrangler,Authentics,35.0,30.0,3.0,0.86,105.0,3.0,12.0,Digital Wallet,3.0
2023-10-06,26-35,CA,Other,Low,Organic,Beauty,Makeup,Revlon,ColorStay Lipstick,18.0,15.0,4.0,1.71,73.0,3.0,10.0,Digital Wallet,4.0
2023-10-06,36-45,CA,Female,High,PPC,Home,Beds,Tempur-Pedic,Cloud Supreme,1811.0,1800.0,1.0,0.96,1811.0,10.0,1.0,Debit Card,4.0
2023-10-06,36-45,FL,Female,Middle,Email,Beauty,Makeup,Maybelline,Fit Me Foundation,14.0,15.0,3.0,1.51,41.0,3.0,-7.0,Debit Card,5.0
2023-10-06,36-45,NY,Male,Middle,Email,Clothing,T-Shirts,Adidas,Performance,62.0,45.0,4.0,1.59,249.0,7.0,61.0,Credit Card,5.0
2023-10-06,18-25,GA,Male,Low,Organic,Electronics,Smartphones,Apple,iPhone SE,543.0,400.0,1.0,1.93,543.0,4.0,140.0,BNPL,4.0
2023-10-06,66+,NY,Female,High,Organic,Clothing,Jeans,Wrangler,Regular Fit,62.0,35.0,3.0,0.66,187.0,7.0,74.0,Digital Wallet,2.0
2023-10-06,36-45,CA,Male,High,PPC,Clothing,Jeans,Wrangler,Authentics,43.0,30.0,1.0,1.57,43.0,3.0,10.0,Digital Wallet,2.0
2023-10-06,36-45,OH,Female,Middle,App,Electronics,Laptops,Apple Laptop,MacBook Air M2,1104.0,1000.0,1.0,1.68,1104.0,8.0,96.0,Credit Card,4.0
2023-10-06,46-55,NY,Other,Middle,App,Electronics,Smartphones,Apple,iPhone SE,572.0,400.0,2.0,1.03,1144.0,13.0,332.0,BNPL,4.0
2023-10-06,26-35,TX,Male,Middle,Organic,Clothing,Jeans,Wrangler,Authentics,41.0,30.0,1.0,1.55,41.0,3.0,8.0,Digital Wallet,4.0
2023-10-06,36-45,NC,Female,Low,Others,Beauty,Skincare,Neutrogena,Hydro Boost Gel,19.0,20.0,1.0,0.57,19.0,4.0,-5.0,Credit Card,5.0
2023-10-06,66+,NC,Other,Low,Organic,Electronics,Smartphones,Apple,iPhone SE,571.0,400.0,3.0,1.99,1712.0,19.0,494.0,Credit Card,5.0
2023-10-06,36-45,NC,Male,Middle,App,Beauty,Skincare,Neutrogena,Hydro Boost Gel,21.0,20.0,1.0,0.94,21.0,4.0,-3.0,Debit Card,3.0
2023-10-06,26-35,TX,Male,Low,Others,Home,Furniture,IKEA,Kallax Shelf,67.0,60.0,1.0,1.92,67.0,10.0,-3.0,Digital Wallet,4.0
2023-10-06,26-35,TX,Female,Low,Organic,Electronics,Laptops,HP,Envy,834.0,700.0,1.0,1.08,834.0,8.0,127.0,Debit Card,2.0
2023-10-06,36-45,IL,Female,High,Affiliates,Electronics,Smartphones,Samsung,Galaxy S21,658.0,500.0,2.0,0.95,1316.0,12.0,304.0,Credit Card,6.0
2023-10-06,46-55,NY,Other,Middle,Organic,Home,Furniture,IKEA,Kallax Shelf,50.0,60.0,2.0,0.71,101.0,23.0,-42.0,Digital Wallet,6.0
2023-10-06,36-45,TX,Female,Low,Others,Beauty,Skincare,Neutrogena,Hydro Boost Gel,20.0,20.0,2.0,0.98,39.0,3.0,-4.0,Credit Card,4.0
2023-10-06,56-65,FL,Female,Middle,PPC,Electronics,Laptops,HP,Pavilion,719.0,600.0,2.0,1.26,1438.0,17.0,222.0,Digital Wallet,4.0
2023-10-06,26-35,IL,Male,Middle,App,Home,Beds,Tempur-Pedic,Cloud Supreme,1785.0,1800.0,2.0,1.3,3571.0,26.0,-55.0,Credit Card,3.0
2023-10-06,26-35,IL,Female,Low,Affiliates,Clothing,Jeans,Wrangler,Regular Fit,47.0,35.0,2.0,1.26,94.0,5.0,20.0,Debit Card,4.0
2023-10-06,46-55,GA,Female,High,Others,Electronics,Smartphones,Samsung,Galaxy A32,295.0,250.0,9.0,1.66,2652.0,44.0,358.0,Credit Card,7.0
2023-10-06,46-55,CA,Male,Middle,Organic,Clothing,T-Shirts,Nike,Dry-FIT,28.0,20.0,5.0,0.82,142.0,4.0,39.0,Credit Card,6.0
2023-10-06,36-45,CA,Other,Middle,Organic,Electronics,Laptops,Apple Laptop,MacBook Pro M3,1593.0,1500.0,2.0,0.95,3187.0,14.0,173.0,Credit Card,3.0
2023-10-06,26-35,TX,Male,Low,Organic,Clothing,Jeans,Wrangler,Regular Fit,57.0,35.0,2.0,1.39,115.0,3.0,42.0,Credit Card,3.0
2023-10-06,46-55,IL,Male,High,App,Clothing,Jeans,Wrangler,Authentics,45.0,30.0,2.0,1.22,90.0,5.0,25.0,Debit Card,4.0
2023-10-06,18-25,FL,Female,Low,Email,Electronics,Smartphones,Apple,iPhone SE,546.0,400.0,3.0,0.95,1637.0,16.0,422.0,Digital Wallet,5.0
2023-10-06,18-25,NY,Male,Middle,App,Electronics,Smartphones,Apple,iPhone 14,927.0,700.0,2.0,1.3,1853.0,13.0,440.0,BNPL,4.0
2023-10-06,66+,PA,Female,Middle,Email,Beauty,Makeup,Revlon,ColorStay Lipstick,21.0,15.0,1.0,0.87,21.0,3.0,3.0,Debit Card,4.0
2023-10-06,36-45,NC,Other,Middle,Organic,Electronics,Smartphones,Apple,iPhone 15,975.0,800.0,1.0,0.97,975.0,9.0,166.0,Credit Card,4.0
2023-10-06,26-35,CA,Male,Low,Email,Clothing,T-Shirts,Nike,Dry-FIT,21.0,20.0,3.0,1.3,63.0,3.0,-0.0,Debit Card,3.0
2023-10-06,26-35,CA,Female,Low,PPC,Beauty,Makeup,Revlon,PhotoReady Concealer,19.0,12.0,2.0,1.81,37.0,3.0,10.0,Debit Card,5.0
2023-10-06,36-45,TX,Male,Low,PPC,Beauty,Makeup,Maybelline,Fit Me Foundation,17.0,15.0,4.0,0.79,69.0,3.0,6.0,Credit Card,4.0
2023-10-06,56-65,MI,Female,High,App,Home,Furniture,IKEA,Billy Bookcase,121.0,100.0,1.0,1.96,121.0,12.0,9.0,Credit Card,5.0
2023-10-06,18-25,PA,Female,High,App,Beauty,Skincare,Neutrogena,Rapid Wrinkle Repair,29.0,20.0,1.0,1.14,29.0,3.0,6.0,Credit Card,2.0
2023-10-06,66+,NY,Female,High,PPC,Beauty,Skincare,Neutrogena,Oil-Free Acne Wash,16.0,15.0,2.0,1.57,32.0,4.0,-2.0,Debit Card,4.0
2023-10-06,56-65,NY,Female,Middle,PPC,Electronics,Smartphones,Apple,iPhone 14,931.0,700.0,2.0,0.63,1863.0,13.0,450.0,Debit Card,3.0
2023-10-06,36-45,MI,Female,Low,App,Electronics,Smartphones,Apple,iPhone 14,900.0,700.0,1.0,1.06,900.0,7.0,193.0,Credit Card,4.0
2023-10-06,26-35,NC,Female,Low,Organic,Beauty,Makeup,Revlon,PhotoReady Concealer,16.0,12.0,5.0,1.2,78.0,7.0,11.0,Credit Card,7.0
2023-10-06,36-45,CA,Male,Low,Email,Beauty,Skincare,Neutrogena,Oil-Free Acne Wash,19.0,15.0,3.0,1.88,56.0,3.0,8.0,Debit Card,5.0
2023-10-06,26-35,GA,Male,Middle,Email,Home,Furniture,Ashley Furniture,Bed Frame,243.0,100.0,1.0,0.55,243.0,9.0,134.0,BNPL,5.0
2023-10-06,26-35,IL,Female,Middle,PPC,Beauty,Makeup,Maybelline,Fit Me Foundation,15.0,15.0,1.0,1.86,15.0,3.0,-3.0,Digital Wallet,3.0
2023-10-06,26-35,MI,Female,Low,Others,Electronics,Smartphones,Samsung,Galaxy Z Fold 5,1624.0,1500.0,2.0,1.2,3248.0,12.0,236.0,Credit Card,4.0
2023-10-06,56-65,CA,Male,Middle,App,Home,Beds,Tempur-Pedic,Contour Elite,1728.0,1700.0,1.0,1.09,1728.0,10.0,18.0,Credit Card,5.0
2023-10-06,36-45,FL,Female,Middle,Others,Home,Beds,Serta,iComfort,2076.0,1900.0,1.0,1.75,2076.0,13.0,163.0,Digital Wallet,6.0
2023-10-06,26-35,FL,Male,Low,Affiliates,Clothing,Jeans,Wrangler,Regular Fit,56.0,35.0,3.0,1.14,168.0,5.0,58.0,Digital Wallet,4.0
2023-10-06,46-55,CA,Other,Middle,Affiliates,Home,Beds,Serta,iComfort,2200.0,1900.0,1.0,1.76,2200.0,10.0,290.0,Debit Card,3.0
2023-10-06,66+,TX,Male,Middle,Email,Beauty,Makeup,Maybelline,Fit Me Foundation,25.0,15.0,2.0,1.88,51.0,3.0,18.0,Credit Card,4.0
2023-10-06,46-55,NY,Male,High,Others,Clothing,T-Shirts,Nike,Pro,48.0,30.0,4.0,0.54,193.0,7.0,66.0,Digital Wallet,6.0
2023-10-06,18-25,CA,Male,Middle,Others,Home,Furniture,IKEA,Billy Bookcase,134.0,100.0,2.0,1.86,268.0,18.0,50.0,Debit Card,5.0
2023-10-06,26-35,IL,Male,Low,Affiliates,Beauty,Makeup,Maybelline,Fit Me Foundation,13.0,15.0,6.0,1.58,80.0,5.0,-15.0,Digital Wallet,6.0
2023-10-06,46-55,CA,Male,Low,Others,Home,Furniture,IKEA,Kallax Shelf,58.0,60.0,2.0,1.63,115.0,18.0,-22.0,Digital Wallet,4.0
2023-10-06,46-55,CA,Male,High,Others,Beauty,Makeup,Maybelline,Fit Me Foundation,20.0,15.0,3.0,1.87,61.0,3.0,13.0,Credit Card,3.0
2023-10-06,36-45,NY,Male,Middle,Organic,Beauty,Makeup,Maybelline,Fit Me Foundation,21.0,15.0,5.0,1.71,103.0,6.0,22.0,Credit Card,5.0
2023-10-06,36-45,GA,Other,Middle,Organic,Home,Furniture,Ashley Furniture,Bed Frame,232.0,100.0,1.0,0.84,232.0,9.0,123.0,Digital Wallet,4.0
2023-10-06,18-25,IL,Female,High,Organic,Beauty,Makeup,Revlon,ColorStay Lipstick,17.0,15.0,5.0,1.71,86.0,5.0,7.0,Credit Card,5.0
2023-10-06,46-55,TX,Male,Middle,Organic,Beauty,Makeup,Maybelline,Fit Me Foundation,20.0,15.0,6.0,1.79,122.0,3.0,28.0,Credit Card,5.0
2023-10-06,46-55,FL,Male,Middle,PPC,Home,Furniture,Ashley Furniture,Dining Table,316.0,200.0,1.0,1.46,316.0,11.0,105.0,Digital Wallet,4.0
2023-10-06,26-35,MI,Female,High,Email,Clothing,Jeans,Levis,Slim Fit,60.0,50.0,3.0,1.68,180.0,7.0,23.0,Digital Wallet,5.0
2023-10-06,26-35,NY,Male,High,App,Clothing,T-Shirts,Adidas,Performance,58.0,45.0,2.0,1.72,116.0,5.0,21.0,Debit Card,4.0
2023-10-06,56-65,CA,Female,High,Organic,Clothing,Jeans,Levis,Slim Fit,61.0,50.0,1.0,1.5,61.0,3.0,8.0,Debit Card,2.0
2023-10-06,36-45,CA,Female,Low,Others,Electronics,Smartphones,Apple,iPhone SE,551.0,400.0,1.0,1.57,551.0,3.0,148.0,Debit Card,2.0
2023-10-06,46-55,MI,Male,Low,App,Electronics,Smartphones,Apple,iPhone SE,576.0,400.0,3.0,0.89,1728.0,17.0,511.0,Digital Wallet,4.0
2023-10-06,66+,NY,Male,Low,Organic,Home,Furniture,IKEA,Kallax Shelf,51.0,60.0,1.0,0.72,51.0,13.0,-22.0,Debit Card,5.0
2023-10-06,66+,CA,Female,Middle,App,Clothing,T-Shirts,Nike,Dry-FIT,28.0,20.0,4.0,1.6,114.0,3.0,31.0,BNPL,3.0
2023-10-06,18-25,NC,Female,High,PPC,Home,Furniture,Ashley Furniture,Sofa,385.0,300.0,1.0,1.87,385.0,14.0,72.0,Credit Card,6.0
2023-10-06,26-35,OH,Other,High,App,Beauty,Makeup,Maybelline,Fit Me Foundation,14.0,15.0,5.0,1.0,70.0,3.0,-8.0,Digital Wallet,4.0
2023-10-06,18-25,TX,Other,Low,Email,Beauty,Makeup,Revlon,ColorStay Lipstick,20.0,15.0,3.0,1.76,60.0,3.0,12.0,Credit Card,4.0
2023-10-06,36-45,OH,Male,Middle,App,Beauty,Makeup,Revlon,PhotoReady Concealer,18.0,12.0,2.0,1.22,36.0,3.0,9.0,Digital Wallet,3.0
2023-10-06,18-25,NY,Male,Middle,Email,Clothing,Jeans,Levis,Bootcut,86.0,100.0,2.0,0.97,171.0,6.0,-34.0,Debit Card,12.0
2023-10-06,56-65,FL,Male,High,Affiliates,Clothing,Jeans,Levis,501 Original,67.0,60.0,3.0,0.8,202.0,5.0,17.0,Debit Card,5.0
2023-10-06,56-65,NC,Male,Middle,PPC,Home,Furniture,Ashley Furniture,Bed Frame,213.0,100.0,2.0,1.97,426.0,24.0,203.0,Credit Card,6.0
2023-10-06,36-45,GA,Other,Middle,PPC,Beauty,Makeup,Maybelline,Lash Sensational Mascara,13.0,10.0,3.0,1.8,38.0,3.0,5.0,Credit Card,4.0
2023-10-06,26-35,MI,Other,Middle,Organic,Electronics,Laptops,Dell,XPS,1388.0,1300.0,2.0,1.27,2776.0,18.0,158.0,Digital Wallet,4.0
2023-10-06,46-55,TX,Female,Low,App,Beauty,Makeup,Revlon,ColorStay Lipstick,16.0,15.0,3.0,0.84,48.0,3.0,0.0,Debit Card,3.0
2023-10-06,36-45,CA,Other,Middle,Others,Clothing,T-Shirts,Adidas,Essentials,34.0,35.0,2.0,1.5,68.0,3.0,-5.0,Debit Card,2.0
2023-10-06,66+,PA,Female,Middle,Organic,Beauty,Makeup,Maybelline,Lash Sensational Mascara,16.0,10.0,2.0,0.53,32.0,3.0,9.0,Digital Wallet,4.0
2023-10-06,18-25,CA,Female,High,Organic,Beauty,Makeup,Maybelline,Lash Sensational Mascara,15.0,10.0,1.0,1.41,15.0,3.0,2.0,Digital Wallet,3.0
2023-10-06,36-45,NY,Male,Middle,App,Clothing,T-Shirts,Adidas,Essentials,27.0,35.0,2.0,1.35,53.0,5.0,-22.0,Credit Card,5.0
2023-10-06,26-35,MI,Female,Middle,Email,Electronics,Smartphones,Samsung,Galaxy S21,629.0,500.0,1.0,1.72,629.0,7.0,121.0,BNPL,5.0
2023-10-06,26-35,NY,Other,Middle,Email,Home,Beds,Tempur-Pedic,Contour Elite,1711.0,1700.0,1.0,0.84,1711.0,15.0,-4.0,Credit Card,5.0
2023-10-06,26-35,CA,Male,Middle,Organic,Clothing,Jeans,Levis,Slim Fit,62.0,50.0,1.0,1.06,62.0,3.0,9.0,Digital Wallet,3.0
2023-10-06,66+,OH,Female,High,Affiliates,Electronics,Smartphones,Apple,iPhone 15,983.0,800.0,2.0,1.29,1965.0,10.0,355.0,Debit Card,5.0
2023-10-06,56-65,GA,Male,Low,Affiliates,Clothing,Jeans,Levis,Slim Fit,58.0,50.0,1.0,1.31,58.0,3.0,5.0,Digital Wallet,2.0
2023-10-06,46-55,NY,Male,Low,Others,Electronics,Laptops,Apple Laptop,MacBook Air M2,1257.0,1000.0,9.0,1.19,11310.0,75.0,2236.0,Credit Card,8.0
2023-10-06,56-65,IL,Male,Low,Others,Home,Beds,Tempur-Pedic,Cloud Supreme,1840.0,1800.0,2.0,0.57,3679.0,26.0,54.0,Digital Wallet,6.0
2023-10-06,56-65,MI,Male,Middle,Others,Clothing,T-Shirts,Adidas,Essentials,38.0,35.0,4.0,1.74,151.0,7.0,4.0,Credit Card,5.0
2023-10-06,36-45,NY,Female,Middle,App,Home,Furniture,Ashley Furniture,Bed Frame,237.0,100.0,1.0,0.51,237.0,13.0,125.0,Debit Card,6.0
2023-10-06,46-55,GA,Other,Low,PPC,Clothing,Jeans,Wrangler,Authentics,50.0,30.0,3.0,1.93,151.0,3.0,58.0,BNPL,3.0
2023-10-06,18-25,OH,Female,Middle,Organic,Electronics,Smartphones,Apple,iPhone 15,1026.0,800.0,2.0,1.49,2053.0,10.0,442.0,Digital Wallet,4.0
2023-10-06,36-45,PA,Other,Middle,Organic,Beauty,Makeup,Maybelline,Fit Me Foundation,15.0,15.0,2.0,0.81,31.0,3.0,-2.0,Debit Card,3.0
2023-10-06,26-35,CA,Male,Middle,App,Beauty,Skincare,Neutrogena,Rapid Wrinkle Repair,28.0,20.0,2.0,0.68,56.0,3.0,13.0,BNPL,4.0
2023-10-06,26-35,NY,Male,Middle,App,Clothing,Jeans,Levis,501 Original,74.0,60.0,4.0,1.89,295.0,9.0,46.0,Credit Card,5.0
2023-10-06,36-45,OH,Male,Middle,Organic,Beauty,Makeup,Revlon,PhotoReady Concealer,15.0,12.0,1.0,1.19,15.0,3.0,0.0,Digital Wallet,2.0
2023-10-06,46-55,NY,Other,High,Affiliates,Beauty,Makeup,Revlon,PhotoReady Concealer,17.0,12.0,1.0,0.94,17.0,3.0,2.0,Credit Card,4.0
2023-10-06,26-35,MI,Female,Middle,Email,Home,Furniture,IKEA,Kallax Shelf,49.0,60.0,1.0,0.57,49.0,12.0,-24.0,Digital Wallet,7.0
2023-10-06,26-35,NC,Male,High,PPC,Beauty,Makeup,Revlon,ColorStay Lipstick,14.0,15.0,1.0,1.31,14.0,4.0,-5.0,Debit Card,3.0
2023-10-06,56-65,NY,Female,Low,PPC,Beauty,Makeup,Maybelline,Fit Me Foundation,16.0,15.0,6.0,1.81,99.0,6.0,3.0,BNPL,5.0
2023-10-06,66+,FL,Female,Middle,PPC,Electronics,Smartphones,Samsung,Galaxy S21,620.0,500.0,1.0,1.95,620.0,6.0,114.0,Debit Card,4.0
2023-10-06,66+,TX,Female,Low,App,Beauty,Makeup,Revlon,PhotoReady Concealer,18.0,12.0,6.0,1.72,107.0,3.0,32.0,Credit Card,5.0
2023-10-06,56-65,CA,Male,High,Email,Electronics,Smartphones,Apple,iPhone 15,996.0,800.0,3.0,0.55,2989.0,13.0,576.0,Digital Wallet,3.0
2023-10-06,36-45,CA,Male,Middle,Organic,Clothing,Jeans,Wrangler,Regular Fit,58.0,35.0,3.0,1.5,175.0,3.0,67.0,Digital Wallet,3.0
2023-10-06,36-45,OH,Female,Low,Others,Electronics,Smartphones,Samsung,Galaxy S21,648.0,500.0,2.0,1.71,1295.0,10.0,285.0,Credit Card,3.0
2023-10-06,56-65,FL,Male,Middle,Organic,Beauty,Makeup,Maybelline,Lash Sensational Mascara,13.0,10.0,5.0,1.35,66.0,4.0,12.0,Digital Wallet,6.0
2023-10-06,26-35,CA,Female,Low,App,Clothing,T-Shirts,Nike,Sportswear,36.0,25.0,4.0,1.6,143.0,3.0,40.0,Debit Card,4.0
2023-10-06,56-65,OH,Other,Middle,Organic,Clothing,T-Shirts,Adidas,Performance,67.0,45.0,3.0,1.52,202.0,4.0,64.0,Digital Wallet,4.0
2023-10-06,18-25,IL,Other,Middle,PPC,Electronics,Laptops,Apple Laptop,MacBook Air M2,1271.0,1000.0,2.0,0.91,2543.0,18.0,525.0,BNPL,4.0
2023-10-06,36-45,NY,Male,Middle,Others,Beauty,Skincare,Neutrogena,Oil-Free Acne Wash,18.0,15.0,2.0,1.57,36.0,4.0,2.0,Credit Card,4.0
2023-10-06,46-55,PA,Male,Middle,Others,Clothing,Jeans,Levis,501 Original,72.0,60.0,1.0,1.07,72.0,3.0,9.0,Digital Wallet,4.0
2023-10-06,36-45,TX,Male,Low,Affiliates,Beauty,Makeup,Maybelline,Lash Sensational Mascara,16.0,10.0,3.0,0.79,48.0,3.0,15.0,Debit Card,5.0
2023-10-06,18-25,IL,Female,High,Organic,Home,Beds,Serta,iComfort,1928.0,1900.0,2.0,0.97,3855.0,26.0,30.0,Credit Card,6.0
2023-10-06,18-25,MI,Male,Middle,Organic,Home,Furniture,IKEA,Kallax Shelf,73.0,60.0,2.0,1.72,145.0,22.0,3.0,Credit Card,5.0
2023-10-06,26-35,TX,Female,Middle,App,Home,Furniture,IKEA,Billy Bookcase,136.0,100.0,2.0,1.93,272.0,20.0,53.0,Debit Card,7.0
2023-10-06,66+,TX,Male,Low,Organic,Electronics,Laptops,Apple Laptop,MacBook Air M2,1186.0,1000.0,2.0,1.53,2372.0,16.0,357.0,Digital Wallet,4.0
2023-10-06,18-25,NY,Male,Low,Others,Beauty,Skincare,Neutrogena,Hydro Boost Gel,23.0,20.0,2.0,0.55,46.0,4.0,2.0,Digital Wallet,3.0
2023-10-06,66+,GA,Female,Low,Affiliates,Clothing,Jeans,Wrangler,Authentics,42.0,30.0,3.0,1.04,126.0,3.0,33.0,Digital Wallet,4.0
2023-10-06,56-65,NC,Female,Middle,Others,Electronics,Smartphones,Apple,iPhone 15,997.0,800.0,2.0,1.36,1995.0,14.0,381.0,Digital Wallet,4.0
2023-10-06,36-45,TX,Other,Low,Others,Electronics,Smartphones,Samsung,Galaxy Z Fold 5,1606.0,1500.0,2.0,1.5,3212.0,10.0,202.0,Credit Card,2.0
2023-10-06,46-55,OH,Male,Low,Others,Clothing,T-Shirts,Adidas,Performance,67.0,45.0,4.0,1.39,268.0,5.0,83.0,Credit Card,10.0
2023-10-06,56-65,PA,Male,High,Affiliates,Home,Furniture,IKEA,Kallax Shelf,69.0,60.0,2.0,1.7,139.0,21.0,-2.0,Debit Card,5.0
2023-10-06,26-35,TX,Other,Middle,PPC,Beauty,Makeup,Revlon,ColorStay Lipstick,17.0,15.0,5.0,1.2,86.0,3.0,8.0,Digital Wallet,5.0
2023-10-06,36-45,PA,Female,Middle,App,Beauty,Makeup,Revlon,ColorStay Lipstick,13.0,15.0,1.0,1.59,13.0,3.0,-5.0,Debit Card,3.0
2023-10-06,18-25,PA,Female,Low,Others,Beauty,Makeup,Revlon,ColorStay Lipstick,18.0,15.0,5.0,1.9,90.0,4.0,11.0,BNPL,5.0
2023-10-06,46-55,TX,Other,High,App,Clothing,T-Shirts,Adidas,Performance,59.0,45.0,3.0,0.79,177.0,3.0,39.0,Debit Card,3.0
2023-10-06,26-35,FL,Female,Low,App,Clothing,Jeans,Levis,Bootcut,100.0,100.0,1.0,1.25,100.0,3.0,-3.0,Credit Card,3.0
2023-10-06,66+,CA,Male,Middle,App,Beauty,Makeup,Revlon,ColorStay Lipstick,18.0,15.0,1.0,1.0,18.0,3.0,-0.0,Digital Wallet,3.0
2023-10-06,36-45,FL,Male,Low,App,Clothing,Jeans,Levis,501 Original,77.0,60.0,2.0,1.21,154.0,4.0,30.0,Credit Card,2.0
2023-10-06,56-65,OH,Male,Low,App,Home,Furniture,IKEA,Kallax Shelf,50.0,60.0,1.0,0.5,50.0,10.0,-21.0,Debit Card,4.0
2023-10-06,46-55,PA,Male,Middle,App,Electronics,Smartphones,Samsung,Galaxy A32,294.0,250.0,3.0,0.65,883.0,16.0,117.0,BNPL,4.0
2023-10-06,66+,NY,Female,Middle,Email,Clothing,Jeans,Levis,Slim Fit,59.0,50.0,2.0,1.23,118.0,6.0,12.0,Credit Card,3.0
2023-10-06,56-65,FL,Male,Middle,App,Clothing,Jeans,Levis,Bootcut,113.0,100.0,3.0,1.88,339.0,5.0,34.0,Debit Card,4.0
2023-10-06,66+,MI,Other,Middle,Organic,Beauty,Makeup,Revlon,ColorStay Lipstick,19.0,15.0,1.0,1.14,19.0,3.0,1.0,Digital Wallet,4.0
2023-10-06,18-25,GA,Male,Low,Others,Beauty,Makeup,Maybelline,Fit Me Foundation,16.0,15.0,5.0,1.74,82.0,3.0,4.0,Digital Wallet,6.0
2023-10-06,18-25,TX,Other,High,App,Clothing,Jeans,Wrangler,Regular Fit,53.0,35.0,3.0,1.22,160.0,4.0,51.0,Credit Card,4.0
2023-10-06,18-25,MI,Female,Low,Organic,Beauty,Makeup,Maybelline,Fit Me Foundation,22.0,15.0,14.0,1.32,313.0,10.0,92.0,Debit Card,10.0
2023-10-06,36-45,CA,Male,High,App,Beauty,Makeup,Revlon,PhotoReady Concealer,15.0,12.0,5.0,1.36,75.0,3.0,12.0,Credit Card,3.0
2023-10-06,66+,NY,Female,High,App,Electronics,Smartphones,Samsung,Galaxy Z Fold 5,1664.0,1500.0,3.0,1.25,4993.0,18.0,475.0,Digital Wallet,5.0
2023-10-06,46-55,OH,Male,Low,Others,Beauty,Makeup,Revlon,PhotoReady Concealer,16.0,12.0,6.0,1.03,94.0,4.0,18.0,Credit Card,7.0
2023-10-06,26-35,TX,Female,Middle,Organic,Clothing,Jeans,Wrangler,Authentics,48.0,30.0,2.0,0.7,96.0,3.0,33.0,Credit Card,4.0
2023-10-06,46-55,PA,Male,Low,Email,Home,Beds,Tempur-Pedic,Cloud Supreme,1818.0,1800.0,1.0,0.66,1818.0,13.0,5.0,Credit Card,4.0
2023-10-06,46-55,MI,Female,High,Organic,Electronics,Smartphones,Samsung,Galaxy S21,705.0,500.0,3.0,1.02,2115.0,17.0,598.0,BNPL,5.0
2023-10-06,46-55,MI,Female,Low,Organic,Home,Beds,Serta,Perfect Sleeper,839.0,750.0,2.0,1.49,1677.0,26.0,151.0,Credit Card,6.0
2023-10-06,18-25,CA,Male,Middle,Others,Beauty,Makeup,Maybelline,Fit Me Foundation,15.0,15.0,2.0,1.28,29.0,3.0,-4.0,BNPL,2.0
2023-10-06,36-45,CA,Female,Middle,Email,Beauty,Makeup,Maybelline,Lash Sensational Mascara,17.0,10.0,9.0,0.88,153.0,3.0,60.0,Credit Card,7.0
2023-10-06,26-35,TX,Other,Low,App,Clothing,Jeans,Wrangler,Authentics,37.0,30.0,3.0,1.67,110.0,4.0,16.0,Digital Wallet,5.0
2023-10-06,56-65,OH,Male,Middle,App,Electronics,Laptops,Apple Laptop,MacBook Pro M2,1215.0,1200.0,2.0,1.76,2431.0,16.0,14.0,Debit Card,4.0
2023-10-06,36-45,FL,Female,Middle,App,Beauty,Skincare,Neutrogena,Rapid Wrinkle Repair,30.0,20.0,3.0,1.99,89.0,3.0,26.0,Debit Card,3.0
2023-10-06,56-65,TX,Male,Middle,PPC,Clothing,Jeans,Wrangler,Authentics,36.0,30.0,3.0,1.52,107.0,4.0,12.0,Credit Card,3.0
2023-10-06,36-45,MI,Other,Low,Others,Electronics,Smartphones,Samsung,Galaxy S21,731.0,500.0,2.0,1.9,1463.0,12.0,451.0,Debit Card,4.0
2023-10-06,18-25,GA,Male,High,App,Clothing,T-Shirts,Nike,Pro,48.0,30.0,3.0,0.86,145.0,3.0,52.0,Credit Card,4.0
2023-10-06,56-65,FL,Male,Middle,Organic,Home,Furniture,IKEA,Kallax Shelf,47.0,60.0,2.0,1.33,93.0,21.0,-48.0,Digital Wallet,3.0
2023-10-06,26-35,FL,Male,High,App,Beauty,Makeup,Maybelline,Lash Sensational Mascara,11.0,10.0,5.0,1.93,53.0,4.0,-0.0,Credit Card,4.0
2023-10-06,26-35,CA,Male,Low,Organic,Home,Furniture,IKEA,Billy Bookcase,137.0,100.0,2.0,0.98,274.0,18.0,57.0,Credit Card,5.0
2023-10-06,56-65,PA,Female,Middle,Others,Electronics,Smartphones,Apple,iPhone 14,900.0,700.0,3.0,1.69,2700.0,16.0,584.0,Credit Card,5.0
2023-10-06,36-45,NC,Male,Low,Organic,Clothing,Jeans,Levis,501 Original,75.0,60.0,3.0,1.12,225.0,8.0,36.0,Debit Card,5.0
2023-10-06,26-35,CA,Male,Middle,Email,Beauty,Skincare,Neutrogena,Oil-Free Acne Wash,17.0,15.0,4.0,1.85,66.0,3.0,3.0,Debit Card,3.0
2023-10-06,56-65,NY,Female,Middle,Organic,Beauty,Skincare,Neutrogena,Hydro Boost Gel,28.0,20.0,4.0,1.44,112.0,5.0,26.0,Credit Card,5.0
2023-10-06,56-65,FL,Female,Middle,Organic,Home,Furniture,IKEA,Billy Bookcase,136.0,100.0,2.0,1.57,271.0,21.0,51.0,Digital Wallet,4.0
2023-10-06,36-45,IL,Male,Middle,Organic,Clothing,Jeans,Levis,Bootcut,111.0,100.0,1.0,1.46,111.0,3.0,7.0,Digital Wallet,3.0
2023-10-06,36-45,MI,Male,Low,Organic,Home,Beds,Tempur-Pedic,Cloud Supreme,1817.0,1800.0,2.0,1.22,3635.0,26.0,9.0,Digital Wallet,4.0
2023-10-06,66+,IL,Other,High,Affiliates,Clothing,Jeans,Levis,501 Original,68.0,60.0,1.0,1.14,68.0,3.0,5.0,Credit Card,3.0
2023-10-06,36-45,GA,Male,Middle,App,Clothing,Jeans,Wrangler,Regular Fit,53.0,35.0,3.0,0.55,159.0,3.0,51.0,Digital Wallet,5.0
2023-10-06,36-45,NY,Male,Middle,PPC,Clothing,Jeans,Levis,Bootcut,104.0,100.0,3.0,1.72,312.0,7.0,4.0,Digital Wallet,5.0
2023-10-06,56-65,IL,Female,Middle,Email,Home,Beds,Serta,Perfect Sleeper,857.0,750.0,1.0,0.86,857.0,14.0,93.0,Credit Card,4.0
2023-10-06,46-55,IL,Male,Middle,Email,Beauty,Makeup,Maybelline,Lash Sensational Mascara,13.0,10.0,2.0,1.76,26.0,3.0,3.0,Digital Wallet,3.0
2023-10-06,56-65,CA,Male,Middle,Email,Beauty,Makeup,Maybelline,Lash Sensational Mascara,14.0,10.0,5.0,0.51,70.0,3.0,17.0,Debit Card,5.0
2023-10-06,56-65,CA,Other,Low,Email,Clothing,Jeans,Wrangler,Authentics,45.0,30.0,3.0,1.64,136.0,3.0,43.0,Debit Card,2.0
2023-10-06,26-35,IL,Other,Low,App,Electronics,Smartphones,Apple,iPhone SE,542.0,400.0,2.0,0.87,1085.0,12.0,273.0,Digital Wallet,5.0
2023-10-06,36-45,PA,Other,Low,Others,Home,Beds,Tempur-Pedic,Cloud Supreme,1843.0,1800.0,1.0,1.59,1843.0,13.0,30.0,Digital Wallet,3.0
2023-10-06,36-45,MI,Male,Middle,Organic,Clothing,Jeans,Wrangler,Authentics,47.0,30.0,3.0,1.11,140.0,7.0,43.0,Digital Wallet,5.0
2023-10-06,36-45,TX,Female,High,Affiliates,Clothing,T-Shirts,Nike,Sportswear,36.0,25.0,2.0,1.72,71.0,3.0,18.0,Credit Card,3.0
2023-10-06,36-45,OH,Female,Low,PPC,Clothing,Jeans,Wrangler,Authentics,45.0,30.0,1.0,1.1,45.0,3.0,12.0,Credit Card,4.0
2023-10-07,26-35,MI,Male,High,Organic,Home,Furniture,IKEA,Billy Bookcase,119.0,100.0,2.0,1.95,238.0,21.0,17.0,Digital Wallet,5.0
2023-10-07,56-65,FL,Other,Low,Email,Electronics,Laptops,Dell,XPS,1428.0,1300.0,1.0,1.47,1428.0,8.0,121.0,Debit Card,3.0
2023-10-07,18-25,NY,Female,High,Email,Beauty,Makeup,Revlon,ColorStay Lipstick,18.0,15.0,5.0,1.81,88.0,5.0,8.0,Debit Card,6.0
2023-10-07,36-45,CA,Female,Middle,Affiliates,Clothing,Jeans,Wrangler,Authentics,41.0,30.0,1.0,1.39,41.0,3.0,8.0,Digital Wallet,3.0
2023-10-07,26-35,PA,Male,Middle,Others,Home,Furniture,IKEA,Billy Bookcase,139.0,100.0,1.0,1.3,139.0,10.0,29.0,Credit Card,5.0
2023-10-07,46-55,FL,Other,Middle,Affiliates,Electronics,Smartphones,Samsung,Galaxy Z Fold 5,1514.0,1500.0,3.0,1.7,4541.0,15.0,27.0,BNPL,5.0
2023-10-07,46-55,FL,Female,Middle,Email,Beauty,Skincare,Neutrogena,Hydro Boost Gel,17.0,20.0,3.0,0.6,50.0,3.0,-13.0,Credit Card,5.0
2023-10-07,56-65,FL,Male,Middle,Email,Clothing,Jeans,Levis,Slim Fit,67.0,50.0,1.0,0.77,67.0,3.0,14.0,Digital Wallet,3.0
2023-10-07,26-35,IL,Other,Middle,Organic,Clothing,Jeans,Levis,501 Original,76.0,60.0,2.0,0.61,153.0,4.0,29.0,Debit Card,5.0
2023-10-07,36-45,FL,Female,High,Others,Clothing,Jeans,Wrangler,Authentics,46.0,30.0,3.0,1.25,139.0,4.0,45.0,Digital Wallet,4.0
2023-10-07,46-55,CA,Male,High,App,Electronics,Smartphones,Apple,iPhone 15,953.0,800.0,3.0,1.95,2860.0,12.0,449.0,Digital Wallet,4.0
2023-10-07,26-35,NY,Male,Middle,App,Clothing,Jeans,Levis,Bootcut,134.0,100.0,3.0,1.07,401.0,6.0,95.0,Digital Wallet,3.0
2023-10-07,46-55,TX,Male,Middle,Email,Electronics,Smartphones,Apple,iPhone 14,908.0,700.0,1.0,0.91,908.0,4.0,204.0,Credit Card,2.0
2023-10-07,36-45,GA,Male,Middle,Email,Beauty,Makeup,Maybelline,Fit Me Foundation,23.0,15.0,1.0,1.06,23.0,3.0,5.0,Credit Card,2.0
2023-10-07,36-45,TX,Other,Middle,Others,Home,Furniture,IKEA,Kallax Shelf,85.0,60.0,1.0,1.63,85.0,9.0,16.0,Debit Card,5.0
2023-10-07,26-35,GA,Male,High,App,Beauty,Makeup,Revlon,ColorStay Lipstick,19.0,15.0,5.0,1.35,94.0,3.0,16.0,Digital Wallet,4.0
2023-10-07,56-65,CA,Male,Low,App,Beauty,Makeup,Maybelline,Fit Me Foundation,21.0,15.0,2.0,1.26,43.0,3.0,10.0,BNPL,2.0
2023-10-07,66+,CA,Other,Middle,Organic,Clothing,Jeans,Wrangler,Authentics,47.0,30.0,2.0,0.57,93.0,3.0,30.0,Credit Card,2.0
2023-10-07,18-25,PA,Other,Low,Organic,Electronics,Laptops,HP,Pavilion,759.0,600.0,1.0,1.0,759.0,8.0,151.0,Digital Wallet,3.0
2023-10-07,26-35,TX,Male,High,Organic,Beauty,Makeup,Maybelline,Lash Sensational Mascara,11.0,10.0,1.0,1.89,11.0,3.0,-2.0,Digital Wallet,5.0
2023-10-07,36-45,PA,Male,Middle,Organic,Electronics,Smartphones,Apple,iPhone 14,952.0,700.0,3.0,1.49,2855.0,15.0,740.0,Debit Card,4.0
2023-10-07,56-65,IL,Female,High,Affiliates,Electronics,Laptops,Apple Laptop,MacBook Pro M3,1667.0,1500.0,2.0,1.27,3334.0,17.0,318.0,Credit Card,4.0
2023-10-07,26-35,PA,Female,Low,Others,Clothing,T-Shirts,Adidas,Performance,54.0,45.0,5.0,1.05,268.0,6.0,37.0,Debit Card,4.0
2023-10-07,56-65,CA,Male,High,App,Clothing,Jeans,Levis,501 Original,80.0,60.0,3.0,1.03,239.0,3.0,56.0,Debit Card,2.0
2023-10-07,36-45,MI,Female,Middle,Others,Beauty,Makeup,Maybelline,Lash Sensational Mascara,12.0,10.0,5.0,1.74,61.0,4.0,7.0,Credit Card,6.0
2023-10-07,26-35,FL,Male,Low,Email,Clothing,T-Shirts,Nike,Sportswear,34.0,25.0,3.0,1.71,101.0,3.0,23.0,Credit Card,4.0
2023-10-07,36-45,CA,Male,Low,Others,Home,Furniture,IKEA,Kallax Shelf,62.0,60.0,2.0,0.59,124.0,17.0,-13.0,Credit Card,4.0
2023-10-07,66+,GA,Female,Low,Organic,Electronics,Smartphones,Apple,iPhone 15,985.0,800.0,1.0,1.97,985.0,3.0,182.0,Digital Wallet,3.0
2023-10-07,26-35,NC,Female,High,Email,Home,Furniture,Ashley Furniture,Sofa,392.0,300.0,1.0,0.98,392.0,13.0,79.0,BNPL,4.0
2023-10-07,36-45,PA,Male,Middle,PPC,Electronics,Smartphones,Apple,iPhone 15,1003.0,800.0,3.0,1.11,3010.0,15.0,595.0,Debit Card,3.0
2023-10-07,56-65,OH,Other,Low,Organic,Home,Furniture,IKEA,Billy Bookcase,88.0,100.0,2.0,1.19,176.0,19.0,-43.0,BNPL,6.0
2023-10-07,26-35,FL,Other,Low,Organic,Beauty,Makeup,Revlon,ColorStay Lipstick,15.0,15.0,1.0,1.8,15.0,3.0,-3.0,BNPL,3.0
2023-10-07,26-35,TX,Male,Low,Organic,Clothing,Jeans,Wrangler,Authentics,43.0,30.0,1.0,0.64,43.0,3.0,10.0,Credit Card,2.0
2023-10-07,66+,MI,Male,Middle,PPC,Electronics,Smartphones,Apple,iPhone 15,967.0,800.0,1.0,1.48,967.0,6.0,161.0,Digital Wallet,4.0
2023-10-07,56-65,NY,Other,Middle,Organic,Clothing,Jeans,Levis,501 Original,80.0,60.0,2.0,1.76,159.0,5.0,35.0,Debit Card,3.0
2023-10-07,18-25,FL,Other,Middle,App,Clothing,Jeans,Levis,501 Original,72.0,60.0,2.0,1.23,143.0,3.0,20.0,Credit Card,4.0
2023-10-07,36-45,PA,Male,Middle,Affiliates,Clothing,T-Shirts,Nike,Sportswear,36.0,25.0,2.0,1.9,71.0,3.0,18.0,Credit Card,3.0
2023-10-07,26-35,TX,Female,High,Organic,Clothing,Jeans,Levis,Slim Fit,62.0,50.0,2.0,1.26,124.0,3.0,21.0,BNPL,4.0
2023-10-07,26-35,OH,Female,Middle,PPC,Clothing,Jeans,Levis,501 Original,76.0,60.0,3.0,1.76,228.0,4.0,44.0,Credit Card,5.0
2023-10-07,46-55,TX,Male,Middle,Others,Clothing,T-Shirts,Nike,Sportswear,32.0,25.0,4.0,1.03,129.0,3.0,26.0,Credit Card,5.0
2023-10-07,26-35,MI,Female,Middle,Others,Clothing,Jeans,Wrangler,Regular Fit,55.0,35.0,1.0,0.55,55.0,3.0,17.0,Digital Wallet,2.0
2023-10-07,26-35,PA,Female,Middle,PPC,Home,Beds,Serta,Perfect Sleeper,854.0,750.0,1.0,1.94,854.0,12.0,92.0,Credit Card,3.0
2023-10-07,36-45,IL,Female,Middle,Organic,Beauty,Makeup,Maybelline,Lash Sensational Mascara,10.0,10.0,4.0,0.5,41.0,3.0,-2.0,BNPL,5.0
2023-10-07,26-35,FL,Male,Middle,App,Clothing,T-Shirts,Nike,Pro,38.0,30.0,2.0,1.44,75.0,3.0,12.0,Credit Card,3.0
2023-10-07,56-65,OH,Female,Low,Organic,Clothing,Jeans,Wrangler,Regular Fit,53.0,35.0,2.0,1.75,106.0,3.0,33.0,Debit Card,3.0
2023-10-07,26-35,OH,Other,Middle,PPC,Electronics,Smartphones,Samsung,Galaxy Z Fold 5,1644.0,1500.0,3.0,1.69,4932.0,14.0,418.0,Credit Card,3.0
2023-10-07,66+,TX,Female,Middle,Email,Home,Beds,Tempur-Pedic,Cloud Supreme,1831.0,1800.0,1.0,1.48,1831.0,11.0,21.0,Debit Card,5.0
2023-10-07,36-45,CA,Male,Middle,App,Home,Furniture,Ashley Furniture,Dining Table,324.0,200.0,2.0,0.54,648.0,17.0,231.0,Credit Card,4.0
2023-10-07,36-45,CA,Female,Middle,Email,Beauty,Makeup,Revlon,ColorStay Lipstick,16.0,15.0,2.0,1.05,32.0,3.0,-1.0,Credit Card,3.0
2023-10-07,26-35,FL,Other,Low,Email,Electronics,Laptops,Apple Laptop,MacBook Air M2,1146.0,1000.0,2.0,0.73,2292.0,16.0,276.0,Credit Card,3.0
2023-10-07,26-35,IL,Male,Low,Organic,Beauty,Makeup,Maybelline,Lash Sensational Mascara,14.0,10.0,1.0,1.86,14.0,3.0,1.0,Debit Card,2.0
2023-10-07,18-25,IL,Other,High,Organic,Electronics,Smartphones,Samsung,Galaxy S21,761.0,500.0,1.0,0.98,761.0,6.0,255.0,Credit Card,3.0
2023-10-07,46-55,NC,Other,High,Others,Home,Beds,Serta,Perfect Sleeper,842.0,750.0,1.0,1.43,842.0,15.0,78.0,Credit Card,4.0
2023-10-07,36-45,IL,Male,High,Organic,Home,Furniture,Ashley Furniture,Dining Table,322.0,200.0,2.0,1.78,644.0,21.0,223.0,Credit Card,4.0
2023-10-07,18-25,OH,Female,Low,Organic,Beauty,Makeup,Maybelline,Fit Me Foundation,25.0,15.0,4.0,1.59,101.0,3.0,38.0,Credit Card,4.0
2023-10-07,46-55,NC,Female,Low,Affiliates,Home,Beds,Tempur-Pedic,Contour Elite,1754.0,1700.0,1.0,0.9,1754.0,15.0,40.0,Debit Card,6.0
2023-10-07,36-45,FL,Male,Middle,Others,Clothing,Jeans,Wrangler,Authentics,35.0,30.0,3.0,0.72,104.0,4.0,10.0,BNPL,3.0
2023-10-07,66+,MI,Other,Middle,Email,Clothing,Jeans,Levis,501 Original,80.0,60.0,2.0,1.14,161.0,4.0,37.0,Digital Wallet,4.0
2023-10-07,36-45,OH,Female,Low,Affiliates,Electronics,Smartphones,Apple,iPhone 14,876.0,700.0,2.0,1.69,1752.0,9.0,343.0,Debit Card,4.0
2023-10-07,56-65,TX,Other,High,Organic,Beauty,Skincare,Neutrogena,Rapid Wrinkle Repair,31.0,20.0,4.0,1.7,124.0,3.0,41.0,BNPL,6.0
2023-10-07,46-55,PA,Male,Low,Organic,Home,Beds,Tempur-Pedic,Cloud Supreme,1815.0,1800.0,2.0,1.9,3631.0,24.0,7.0,Digital Wallet,7.0
2023-10-07,66+,TX,Female,Middle,Others,Clothing,Jeans,Levis,Bootcut,115.0,100.0,12.0,1.44,1385.0,17.0,169.0,Digital Wallet,9.0
