TransactionDate,CustomerAgeBucket,State,CustomerGender,CustomerIncomeGroup,MarketChannel,ProductCategory,ProductSubCategory,ProductBrand,ProductName,UnitCost,ProductCost,NumberOfUnits,DiscountRate,TotalCost,ShippingCost,Profit,PaymentMethod,DeliveryTime
2023-05-06,66+,NY,Female,Middle,App,Home,Beds,Tempur-Pedic,Cloud Supreme,2010.0,1800.0,1.0,0.89,2010.0,17.0,193.0,Credit Card,4.0
2023-05-06,56-65,TX,Male,Middle,Organic,Home,Furniture,IKEA,Kallax Shelf,78.0,60.0,2.0,1.63,156.0,22.0,14.0,Digital Wallet,4.0
2023-05-06,66+,PA,Other,Middle,Organic,Clothing,Jeans,Levis,Bootcut,118.0,100.0,1.0,1.79,118.0,5.0,13.0,Debit Card,3.0
2023-05-06,18-25,IL,Male,Middle,Email,Clothing,Jeans,Wrangler,Authentics,53.0,30.0,3.0,1.67,158.0,9.0,59.0,Credit Card,5.0
2023-05-06,26-35,CA,Male,High,Others,Electronics,Smartphones,Apple,iPhone 14,1030.0,700.0,3.0,0.64,3089.0,15.0,974.0,Digital Wallet,3.0
2023-05-06,26-35,MI,Male,Middle,Others,Clothing,T-Shirts,Nike,Dry-FIT,37.0,20.0,1.0,1.62,37.0,6.0,11.0,Credit Card,4.0
2023-05-06,36-45,MI,Other,Middle,App,Electronics,Smartphones,Samsung,Galaxy A32,362.0,250.0,2.0,0.51,724.0,15.0,209.0,Credit Card,5.0
2023-05-06,18-25,TX,Other,Middle,Organic,Beauty,Makeup,Revlon,PhotoReady Concealer,21.0,12.0,1.0,0.74,21.0,3.0,6.0,Credit Card,3.0
2023-05-06,26-35,PA,Male,Low,Email,Home,Beds,Serta,iComfort,2401.0,1900.0,1.0,1.24,2401.0,16.0,485.0,Credit Card,5.0
2023-05-06,36-45,IL,Female,Middle,Affiliates,Beauty,Skincare,Neutrogena,Hydro Boost Gel,30.0,20.0,2.0,1.06,60.0,6.0,14.0,Credit Card,2.0
2023-05-06,56-65,PA,Other,Low,Others,Electronics,Smartphones,Samsung,Galaxy S21,683.0,500.0,1.0,1.45,683.0,9.0,174.0,Digital Wallet,5.0
2023-05-06,56-65,NC,Female,Low,Affiliates,Home,Furniture,IKEA,Billy Bookcase,169.0,100.0,2.0,0.51,338.0,26.0,112.0,Credit Card,5.0
2023-05-06,36-45,IL,Female,Low,App,Beauty,Makeup,Maybelline,Fit Me Foundation,21.0,15.0,2.0,0.94,42.0,5.0,6.0,Credit Card,3.0
2023-05-06,56-65,CA,Male,Middle,PPC,Beauty,Skincare,Neutrogena,Oil-Free Acne Wash,20.0,15.0,3.0,1.85,60.0,3.0,12.0,Digital Wallet,2.0
2023-05-06,46-55,TX,Female,Middle,Others,Clothing,Jeans,Levis,501 Original,93.0,60.0,3.0,0.57,278.0,7.0,91.0,Digital Wallet,5.0
2023-05-06,36-45,CA,Female,High,Others,Clothing,Jeans,Wrangler,Authentics,59.0,30.0,1.0,0.57,59.0,3.0,26.0,Digital Wallet,2.0
2023-05-06,18-25,TX,Female,Middle,App,Beauty,Skincare,Neutrogena,Rapid Wrinkle Repair,28.0,20.0,4.0,0.54,114.0,5.0,29.0,Digital Wallet,4.0
2023-05-06,36-45,TX,Other,High,Affiliates,Clothing,Jeans,Wrangler,Authentics,49.0,30.0,1.0,1.75,49.0,4.0,15.0,Digital Wallet,6.0
2023-05-06,36-45,NC,Male,Low,Organic,Clothing,Jeans,Levis,501 Original,88.0,60.0,3.0,0.89,263.0,11.0,72.0,Credit Card,5.0
2023-05-06,26-35,FL,Male,Low,Others,Clothing,Jeans,Wrangler,Authentics,59.0,30.0,2.0,1.71,119.0,6.0,53.0,Credit Card,4.0
2023-05-06,18-25,NC,Other,Middle,Others,Clothing,Jeans,Wrangler,Authentics,47.0,30.0,2.0,1.94,94.0,9.0,24.0,Credit Card,3.0
2023-05-06,66+,OH,Female,Low,PPC,Electronics,Smartphones,Samsung,Galaxy Z Fold 5,1805.0,1500.0,1.0,0.61,1805.0,8.0,298.0,Credit Card,5.0
2023-05-06,56-65,FL,Male,Middle,PPC,Clothing,Jeans,Wrangler,Regular Fit,54.0,35.0,2.0,1.83,107.0,6.0,31.0,Credit Card,4.0
2023-05-06,26-35,MI,Female,Low,Organic,Clothing,Jeans,Wrangler,Authentics,50.0,30.0,3.0,0.83,150.0,9.0,51.0,Credit Card,5.0
2023-05-06,56-65,TX,Male,High,Organic,Electronics,Smartphones,Apple,iPhone 14,1050.0,700.0,1.0,0.55,1050.0,7.0,343.0,Debit Card,7.0
2023-05-06,18-25,NC,Male,Low,PPC,Clothing,Jeans,Wrangler,Regular Fit,58.0,35.0,1.0,1.37,58.0,8.0,16.0,Credit Card,4.0
2023-05-06,46-55,PA,Other,Low,Others,Beauty,Makeup,Maybelline,Fit Me Foundation,16.0,15.0,1.0,1.87,16.0,4.0,-4.0,Credit Card,4.0
2023-05-06,18-25,CA,Male,Middle,Others,Electronics,Laptops,Dell,XPS,1637.0,1300.0,1.0,1.82,1637.0,8.0,329.0,Credit Card,5.0
2023-05-06,36-45,TX,Female,Low,Others,Home,Beds,Tempur-Pedic,Cloud Supreme,2219.0,1800.0,2.0,0.62,4438.0,26.0,812.0,BNPL,2.0
2023-05-06,26-35,PA,Other,Middle,Affiliates,Clothing,T-Shirts,Adidas,Performance,68.0,45.0,3.0,1.8,204.0,7.0,61.0,Debit Card,5.0
2023-05-06,26-35,NY,Male,Low,App,Clothing,Jeans,Wrangler,Regular Fit,53.0,35.0,3.0,0.74,160.0,10.0,46.0,Debit Card,5.0
2023-05-06,36-45,CA,Female,Middle,PPC,Clothing,Jeans,Wrangler,Regular Fit,65.0,35.0,1.0,0.78,65.0,3.0,27.0,Credit Card,2.0
2023-05-06,26-35,NY,Male,High,Organic,Home,Beds,Serta,Perfect Sleeper,1005.0,750.0,2.0,0.76,2009.0,29.0,480.0,Credit Card,5.0
2023-05-06,66+,PA,Male,Low,Email,Clothing,Jeans,Levis,501 Original,90.0,60.0,3.0,0.92,270.0,8.0,82.0,Credit Card,5.0
2023-05-06,36-45,TX,Female,Middle,Organic,Clothing,Jeans,Wrangler,Regular Fit,65.0,35.0,1.0,0.96,65.0,4.0,26.0,Credit Card,2.0
2023-05-06,18-25,CA,Male,Middle,Others,Home,Furniture,IKEA,Billy Bookcase,118.0,100.0,2.0,1.43,235.0,20.0,15.0,Credit Card,4.0
2023-05-06,26-35,FL,Male,High,Others,Clothing,T-Shirts,Nike,Dry-FIT,30.0,20.0,5.0,0.68,151.0,9.0,42.0,Credit Card,6.0
2023-05-06,56-65,TX,Female,Middle,Email,Clothing,T-Shirts,Adidas,Essentials,49.0,35.0,3.0,0.66,148.0,6.0,37.0,Debit Card,4.0
2023-05-06,26-35,NY,Male,Middle,Organic,Home,Beds,Serta,iComfort,2279.0,1900.0,2.0,1.29,4557.0,29.0,728.0,Debit Card,5.0
2023-05-06,18-25,TX,Other,Low,Organic,Clothing,T-Shirts,Nike,Sportswear,40.0,25.0,1.0,0.89,40.0,3.0,12.0,Credit Card,4.0
2023-05-06,36-45,IL,Female,Middle,Organic,Home,Furniture,IKEA,Kallax Shelf,73.0,60.0,2.0,1.53,145.0,24.0,1.0,Credit Card,6.0
2023-05-06,66+,PA,Other,Low,Others,Home,Furniture,IKEA,Kallax Shelf,76.0,60.0,2.0,1.82,152.0,24.0,8.0,Debit Card,5.0
2023-05-06,26-35,CA,Male,High,Organic,Clothing,T-Shirts,Adidas,Performance,72.0,45.0,5.0,0.64,360.0,6.0,129.0,Digital Wallet,4.0
2023-05-06,56-65,CA,Male,Low,Email,Home,Furniture,IKEA,Kallax Shelf,77.0,60.0,2.0,1.51,155.0,20.0,15.0,Credit Card,5.0
2023-05-06,66+,FL,Female,Middle,PPC,Electronics,Smartphones,Apple,iPhone 15,1143.0,800.0,3.0,1.21,3429.0,18.0,1011.0,Digital Wallet,5.0
2023-05-06,26-35,TX,Male,Middle,App,Beauty,Makeup,Maybelline,Fit Me Foundation,21.0,15.0,1.0,1.06,21.0,3.0,3.0,Digital Wallet,2.0
2023-05-06,26-35,CA,Male,Middle,App,Home,Furniture,Ashley Furniture,Sofa,485.0,300.0,2.0,1.37,970.0,20.0,350.0,Debit Card,4.0
2023-05-06,26-35,NY,Female,Low,Email,Clothing,Jeans,Levis,501 Original,86.0,60.0,1.0,1.63,86.0,7.0,20.0,Debit Card,3.0
2023-05-06,66+,TX,Female,Middle,Organic,Home,Beds,Serta,iComfort,2413.0,1900.0,2.0,0.95,4827.0,26.0,1001.0,Digital Wallet,5.0
2023-05-06,56-65,NY,Other,Low,Email,Beauty,Skincare,Neutrogena,Oil-Free Acne Wash,19.0,15.0,4.0,1.27,76.0,8.0,8.0,Digital Wallet,5.0
2023-05-06,18-25,CA,Female,Middle,Affiliates,Electronics,Smartphones,Apple,iPhone 15,1089.0,800.0,2.0,0.52,2179.0,10.0,568.0,Digital Wallet,3.0
2023-05-06,26-35,NY,Other,Middle,Affiliates,Electronics,Smartphones,Samsung,Galaxy S21,798.0,500.0,2.0,1.71,1596.0,15.0,581.0,Digital Wallet,5.0
2023-05-06,66+,FL,Female,High,Others,Electronics,Laptops,Apple Laptop,MacBook Pro M2,1418.0,1200.0,2.0,1.64,2837.0,19.0,417.0,Credit Card,4.0
2023-05-06,36-45,PA,Female,Low,Organic,Electronics,Smartphones,Samsung,Galaxy A32,392.0,250.0,1.0,1.25,392.0,9.0,133.0,Debit Card,4.0
2023-05-06,56-65,CA,Male,Middle,App,Electronics,Smartphones,Apple,iPhone 15,1145.0,800.0,1.0,1.34,1145.0,5.0,340.0,Debit Card,2.0
2023-05-06,18-25,FL,Other,Low,Organic,Home,Furniture,IKEA,Billy Bookcase,165.0,100.0,1.0,1.33,165.0,13.0,51.0,BNPL,6.0
2023-05-06,46-55,NY,Female,Low,Email,Clothing,Jeans,Levis,501 Original,81.0,60.0,3.0,0.55,243.0,10.0,53.0,Credit Card,4.0
2023-05-06,18-25,OH,Male,Low,App,Clothing,T-Shirts,Adidas,Performance,73.0,45.0,4.0,1.46,291.0,8.0,103.0,Credit Card,5.0
2023-05-06,26-35,PA,Other,Low,Email,Electronics,Smartphones,Apple,iPhone 14,1012.0,700.0,2.0,1.28,2025.0,14.0,611.0,Digital Wallet,4.0
2023-05-06,56-65,FL,Male,Middle,Organic,Beauty,Skincare,Neutrogena,Hydro Boost Gel,24.0,20.0,1.0,1.72,24.0,4.0,1.0,Credit Card,5.0
2023-05-06,18-25,FL,Female,Low,App,Home,Beds,Tempur-Pedic,Cloud Supreme,2153.0,1800.0,1.0,0.83,2153.0,15.0,338.0,Credit Card,6.0
2023-05-06,26-35,TX,Male,Middle,Email,Clothing,T-Shirts,Adidas,Essentials,48.0,35.0,4.0,1.42,193.0,7.0,46.0,Digital Wallet,6.0
2023-05-06,56-65,NY,Female,Low,App,Clothing,Jeans,Wrangler,Regular Fit,56.0,35.0,13.0,0.9,723.0,25.0,243.0,Debit Card,9.0
2023-05-06,26-35,CA,Female,High,Others,Home,Furniture,Ashley Furniture,Bed Frame,263.0,100.0,1.0,0.94,263.0,10.0,153.0,Credit Card,4.0
2023-05-06,26-35,NY,Other,High,App,Home,Furniture,IKEA,Kallax Shelf,75.0,60.0,1.0,1.04,75.0,15.0,-0.0,Debit Card,4.0
2023-05-06,26-35,TX,Male,Middle,Others,Beauty,Makeup,Revlon,ColorStay Lipstick,20.0,15.0,4.0,1.34,81.0,5.0,16.0,Credit Card,7.0
2023-05-06,66+,MI,Male,Low,Organic,Home,Furniture,Ashley Furniture,Sofa,468.0,300.0,2.0,1.37,936.0,25.0,312.0,Digital Wallet,5.0
2023-05-06,56-65,TX,Female,Low,Affiliates,Electronics,Smartphones,Apple,iPhone 14,1012.0,700.0,2.0,1.47,2023.0,12.0,611.0,Digital Wallet,4.0
2023-05-06,46-55,NY,Female,Middle,Organic,Beauty,Skincare,Neutrogena,Oil-Free Acne Wash,20.0,15.0,4.0,0.91,81.0,8.0,13.0,Credit Card,5.0
2023-05-06,36-45,NY,Female,High,Organic,Beauty,Makeup,Maybelline,Lash Sensational Mascara,14.0,10.0,4.0,0.93,55.0,8.0,7.0,Credit Card,6.0
2023-05-06,46-55,PA,Male,Middle,Organic,Beauty,Makeup,Revlon,ColorStay Lipstick,22.0,15.0,4.0,1.66,88.0,6.0,21.0,Digital Wallet,5.0
2023-05-06,56-65,IL,Male,Middle,App,Beauty,Makeup,Maybelline,Lash Sensational Mascara,18.0,10.0,2.0,0.96,37.0,5.0,11.0,Debit Card,4.0
2023-05-06,36-45,CA,Male,Low,Affiliates,Electronics,Smartphones,Apple,iPhone SE,651.0,400.0,1.0,0.78,651.0,5.0,246.0,BNPL,4.0
2023-05-06,26-35,NC,Male,Middle,App,Beauty,Makeup,Maybelline,Lash Sensational Mascara,15.0,10.0,4.0,0.66,60.0,9.0,11.0,BNPL,6.0
2023-05-06,56-65,PA,Male,Middle,Affiliates,Clothing,T-Shirts,Nike,Pro,51.0,30.0,2.0,1.16,101.0,6.0,35.0,Digital Wallet,6.0
2023-05-06,26-35,PA,Male,Low,App,Electronics,Smartphones,Apple,iPhone 14,1057.0,700.0,2.0,0.77,2114.0,14.0,701.0,Digital Wallet,4.0
2023-05-06,36-45,CA,Male,Middle,Others,Beauty,Makeup,Maybelline,Fit Me Foundation,18.0,15.0,2.0,1.21,35.0,3.0,2.0,Digital Wallet,4.0
2023-05-06,18-25,NY,Other,Middle,Organic,Home,Furniture,IKEA,Billy Bookcase,148.0,100.0,1.0,1.65,148.0,15.0,33.0,BNPL,6.0
2023-05-06,46-55,GA,Female,Middle,Affiliates,Electronics,Laptops,Apple Laptop,MacBook Pro M3,1906.0,1500.0,1.0,0.92,1906.0,9.0,397.0,Digital Wallet,4.0
2023-05-06,36-45,CA,Male,Middle,Email,Clothing,Jeans,Wrangler,Authentics,64.0,30.0,3.0,0.53,191.0,5.0,96.0,Debit Card,3.0
2023-05-06,18-25,FL,Female,Low,PPC,Beauty,Makeup,Maybelline,Lash Sensational Mascara,16.0,10.0,1.0,1.49,16.0,4.0,2.0,Digital Wallet,3.0
2023-05-06,18-25,FL,Female,Low,Organic,Clothing,Jeans,Levis,Slim Fit,69.0,50.0,1.0,0.96,69.0,5.0,15.0,Credit Card,2.0
2023-05-06,18-25,MI,Other,Middle,Affiliates,Electronics,Laptops,HP,Envy,976.0,700.0,1.0,1.5,976.0,13.0,264.0,Digital Wallet,4.0
2023-05-06,26-35,CA,Other,Middle,Others,Home,Beds,Tempur-Pedic,Contour Elite,2082.0,1700.0,2.0,1.24,4163.0,24.0,739.0,BNPL,4.0
2023-05-06,36-45,IL,Female,Low,Email,Electronics,Laptops,Dell,Inspiron,794.0,600.0,2.0,1.15,1587.0,20.0,367.0,Credit Card,5.0
2023-05-06,36-45,CA,Female,Middle,Organic,Clothing,T-Shirts,Adidas,Performance,75.0,45.0,3.0,1.61,225.0,4.0,86.0,Debit Card,3.0
2023-05-06,18-25,FL,Male,Middle,Affiliates,Home,Furniture,Ashley Furniture,Bed Frame,254.0,100.0,2.0,1.88,507.0,23.0,284.0,Digital Wallet,5.0
2023-05-06,26-35,MI,Male,Low,Others,Home,Furniture,IKEA,Billy Bookcase,127.0,100.0,15.0,1.24,1903.0,155.0,249.0,Debit Card,11.0
2023-05-06,56-65,CA,Female,Low,Organic,Beauty,Makeup,Maybelline,Lash Sensational Mascara,16.0,10.0,4.0,1.07,63.0,3.0,20.0,Digital Wallet,5.0
2023-05-06,36-45,NY,Male,Middle,Organic,Home,Beds,Tempur-Pedic,Contour Elite,2071.0,1700.0,1.0,0.67,2071.0,17.0,354.0,Digital Wallet,5.0
2023-05-06,56-65,PA,Male,Low,Email,Clothing,T-Shirts,Nike,Dry-FIT,39.0,20.0,3.0,1.77,118.0,7.0,51.0,Credit Card,6.0
2023-05-06,26-35,NY,Male,High,Affiliates,Beauty,Makeup,Maybelline,Fit Me Foundation,23.0,15.0,1.0,0.88,23.0,6.0,2.0,Digital Wallet,3.0
2023-05-06,36-45,OH,Female,High,Organic,Clothing,Jeans,Levis,501 Original,86.0,60.0,2.0,1.58,171.0,6.0,45.0,Debit Card,4.0
2023-05-06,36-45,IL,Male,Middle,Email,Clothing,Jeans,Wrangler,Authentics,40.0,30.0,2.0,0.75,79.0,7.0,12.0,Digital Wallet,6.0
2023-05-06,26-35,OH,Male,Middle,Others,Clothing,Jeans,Wrangler,Authentics,56.0,30.0,1.0,0.61,56.0,4.0,22.0,BNPL,3.0
2023-05-06,26-35,PA,Male,High,Organic,Home,Furniture,IKEA,Kallax Shelf,88.0,60.0,1.0,1.84,88.0,14.0,14.0,Digital Wallet,4.0
2023-05-06,26-35,TX,Male,High,Affiliates,Electronics,Smartphones,Apple,iPhone 15,1113.0,800.0,1.0,1.33,1113.0,7.0,306.0,Digital Wallet,3.0
2023-05-06,36-45,CA,Male,Low,Organic,Clothing,Jeans,Levis,501 Original,76.0,60.0,2.0,0.54,151.0,3.0,28.0,Digital Wallet,2.0
2023-05-06,56-65,NY,Other,Middle,Affiliates,Clothing,T-Shirts,Nike,Pro,43.0,30.0,1.0,1.32,43.0,6.0,7.0,Credit Card,7.0
2023-05-06,56-65,PA,Male,Middle,App,Clothing,Jeans,Levis,501 Original,88.0,60.0,2.0,1.03,176.0,7.0,49.0,Credit Card,6.0
2023-05-06,46-55,TX,Female,Low,Organic,Clothing,Jeans,Levis,501 Original,84.0,60.0,2.0,1.22,167.0,5.0,42.0,Digital Wallet,3.0
2023-05-06,18-25,TX,Other,Low,Email,Clothing,Jeans,Levis,501 Original,84.0,60.0,1.0,1.59,84.0,4.0,21.0,Credit Card,3.0
2023-05-06,36-45,NY,Male,Middle,Affiliates,Electronics,Laptops,Apple Laptop,MacBook Pro M3,1971.0,1500.0,2.0,0.62,3942.0,21.0,921.0,BNPL,5.0
2023-05-06,66+,NC,Female,Middle,PPC,Electronics,Smartphones,Apple,iPhone 14,1004.0,700.0,2.0,0.7,2007.0,16.0,591.0,Debit Card,4.0
2023-05-06,36-45,MI,Female,Middle,Organic,Home,Furniture,IKEA,Billy Bookcase,173.0,100.0,1.0,1.17,173.0,15.0,58.0,Debit Card,4.0
2023-05-06,46-55,PA,Male,Middle,App,Home,Furniture,Ashley Furniture,Dining Table,340.0,200.0,1.0,0.74,340.0,14.0,126.0,BNPL,4.0
2023-05-06,36-45,OH,Male,Low,App,Electronics,Smartphones,Samsung,Galaxy S21,658.0,500.0,1.0,1.75,658.0,8.0,150.0,Digital Wallet,4.0
2023-05-06,18-25,CA,Male,High,Organic,Electronics,Smartphones,Apple,iPhone 15,1098.0,800.0,1.0,0.53,1098.0,5.0,293.0,Credit Card,2.0
2023-05-06,18-25,MI,Other,Low,App,Clothing,T-Shirts,Nike,Sportswear,39.0,25.0,2.0,0.88,77.0,7.0,20.0,Credit Card,4.0
2023-05-06,26-35,TX,Male,Middle,Others,Beauty,Makeup,Maybelline,Fit Me Foundation,17.0,15.0,5.0,0.89,83.0,5.0,3.0,Debit Card,6.0
2023-05-06,18-25,CA,Male,Middle,Email,Home,Furniture,IKEA,Billy Bookcase,133.0,100.0,2.0,0.55,266.0,20.0,46.0,BNPL,3.0
2023-05-06,46-55,FL,Male,Low,PPC,Electronics,Laptops,Apple Laptop,MacBook Pro M3,1867.0,1500.0,1.0,1.31,1867.0,11.0,356.0,Credit Card,4.0
2023-05-06,36-45,MI,Male,High,Organic,Beauty,Makeup,Maybelline,Lash Sensational Mascara,12.0,10.0,1.0,1.7,12.0,5.0,-3.0,Debit Card,3.0
2023-05-06,36-45,TX,Other,Middle,Organic,Clothing,T-Shirts,Nike,Dry-FIT,34.0,20.0,5.0,1.83,169.0,8.0,61.0,Debit Card,4.0
2023-05-06,36-45,TX,Other,Low,Organic,Electronics,Laptops,Apple Laptop,MacBook Pro M3,1827.0,1500.0,1.0,1.78,1827.0,10.0,316.0,Credit Card,4.0
2023-05-06,36-45,NY,Female,High,Affiliates,Electronics,Smartphones,Samsung,Galaxy Z Fold 5,1812.0,1500.0,1.0,1.47,1812.0,10.0,302.0,BNPL,6.0
2023-05-06,46-55,PA,Male,Middle,Organic,Home,Furniture,IKEA,Billy Bookcase,219.0,100.0,1.0,0.95,219.0,14.0,105.0,Digital Wallet,5.0
2023-05-06,46-55,PA,Male,High,Email,Home,Furniture,IKEA,Billy Bookcase,125.0,100.0,1.0,1.32,125.0,14.0,11.0,Debit Card,4.0
2023-05-06,18-25,OH,Female,Middle,PPC,Clothing,Jeans,Wrangler,Authentics,52.0,30.0,1.0,1.58,52.0,4.0,17.0,Digital Wallet,3.0
2023-05-06,18-25,FL,Other,Middle,Affiliates,Home,Beds,Tempur-Pedic,Cloud Supreme,2247.0,1800.0,2.0,1.23,4495.0,27.0,867.0,Credit Card,4.0
2023-05-06,26-35,TX,Other,Middle,PPC,Beauty,Skincare,Neutrogena,Rapid Wrinkle Repair,26.0,20.0,4.0,0.9,104.0,5.0,19.0,Credit Card,5.0
2023-05-06,56-65,TX,Other,High,Organic,Clothing,Jeans,Levis,Slim Fit,69.0,50.0,2.0,1.29,137.0,5.0,32.0,BNPL,4.0
2023-05-06,56-65,TX,Other,Low,Affiliates,Beauty,Makeup,Maybelline,Lash Sensational Mascara,13.0,10.0,4.0,1.52,52.0,5.0,8.0,Digital Wallet,5.0
2023-05-06,26-35,NY,Other,High,App,Clothing,T-Shirts,Nike,Dry-FIT,25.0,20.0,2.0,1.37,50.0,8.0,3.0,Digital Wallet,4.0
2023-05-06,36-45,CA,Female,Middle,Affiliates,Electronics,Smartphones,Apple,iPhone 15,1158.0,800.0,3.0,1.23,3475.0,15.0,1059.0,BNPL,3.0
2023-05-06,18-25,NY,Other,Low,Organic,Clothing,Jeans,Wrangler,Regular Fit,62.0,35.0,1.0,0.71,62.0,7.0,20.0,Debit Card,3.0
2023-05-06,26-35,NY,Female,Middle,Affiliates,Clothing,Jeans,Wrangler,Authentics,46.0,30.0,3.0,1.86,137.0,10.0,37.0,Debit Card,5.0
2023-05-06,18-25,NY,Female,High,App,Beauty,Makeup,Maybelline,Fit Me Foundation,15.0,15.0,6.0,0.69,88.0,9.0,-11.0,Credit Card,7.0
2023-05-06,18-25,PA,Female,Low,Email,Home,Furniture,Ashley Furniture,Dining Table,418.0,200.0,2.0,0.81,835.0,24.0,411.0,Debit Card,7.0
2023-05-06,26-35,PA,Female,Low,Organic,Beauty,Skincare,Neutrogena,Hydro Boost Gel,25.0,20.0,2.0,1.2,50.0,5.0,4.0,Digital Wallet,4.0
2023-05-06,66+,NC,Female,Middle,App,Beauty,Makeup,Revlon,ColorStay Lipstick,18.0,15.0,2.0,0.84,37.0,7.0,-0.0,Credit Card,5.0
2023-05-06,36-45,NY,Male,High,Organic,Beauty,Makeup,Maybelline,Fit Me Foundation,18.0,15.0,6.0,0.56,110.0,9.0,11.0,Digital Wallet,7.0
2023-05-06,26-35,NY,Other,High,PPC,Clothing,Jeans,Wrangler,Regular Fit,60.0,35.0,2.0,1.79,120.0,8.0,42.0,Digital Wallet,4.0
2023-05-06,56-65,NC,Other,Middle,Organic,Home,Beds,Tempur-Pedic,Cloud Supreme,2181.0,1800.0,2.0,1.56,4362.0,30.0,732.0,Credit Card,7.0
2023-05-06,26-35,FL,Male,High,App,Clothing,Jeans,Levis,Bootcut,123.0,100.0,2.0,1.56,245.0,6.0,39.0,Credit Card,3.0
2023-05-06,18-25,IL,Female,High,PPC,Home,Furniture,Ashley Furniture,Sofa,452.0,300.0,1.0,0.55,452.0,14.0,138.0,Credit Card,5.0
2023-05-06,26-35,CA,Female,Middle,App,Clothing,Jeans,Levis,Slim Fit,71.0,50.0,1.0,1.1,71.0,3.0,18.0,Digital Wallet,2.0
2023-05-06,56-65,OH,Other,Low,Organic,Home,Furniture,IKEA,Kallax Shelf,79.0,60.0,2.0,0.89,159.0,23.0,16.0,BNPL,5.0
2023-05-06,26-35,CA,Male,Middle,PPC,Electronics,Smartphones,Samsung,Galaxy A32,347.0,250.0,2.0,1.82,693.0,10.0,183.0,Digital Wallet,4.0
2023-05-06,56-65,GA,Male,Middle,App,Beauty,Makeup,Maybelline,Fit Me Foundation,18.0,15.0,4.0,1.48,73.0,4.0,10.0,BNPL,5.0
2023-05-06,26-35,IL,Male,Low,App,Electronics,Laptops,HP,Envy,1044.0,700.0,2.0,0.67,2089.0,20.0,668.0,Credit Card,6.0
2023-05-06,26-35,CA,Male,High,App,Electronics,Smartphones,Samsung,Galaxy S21,675.0,500.0,3.0,1.22,2025.0,15.0,509.0,BNPL,4.0
2023-05-06,66+,CA,Female,Middle,Organic,Electronics,Smartphones,Samsung,Galaxy Z Fold 5,1795.0,1500.0,1.0,1.47,1795.0,5.0,289.0,Debit Card,2.0
2023-05-06,18-25,TX,Male,High,App,Home,Beds,Serta,Perfect Sleeper,986.0,750.0,2.0,1.3,1973.0,26.0,447.0,Credit Card,5.0
2023-05-06,26-35,FL,Female,Middle,App,Beauty,Makeup,Maybelline,Lash Sensational Mascara,16.0,10.0,4.0,1.77,65.0,6.0,19.0,BNPL,6.0
2023-05-06,36-45,IL,Female,Middle,Email,Beauty,Makeup,Maybelline,Lash Sensational Mascara,11.0,10.0,2.0,1.4,23.0,5.0,-3.0,Credit Card,3.0
2023-05-06,36-45,PA,Female,Middle,Email,Home,Furniture,IKEA,Kallax Shelf,71.0,60.0,1.0,1.13,71.0,14.0,-3.0,Credit Card,6.0
2023-05-06,46-55,CA,Male,High,Email,Beauty,Skincare,Neutrogena,Oil-Free Acne Wash,20.0,15.0,2.0,0.61,41.0,3.0,8.0,Credit Card,3.0
2023-05-06,18-25,TX,Other,Low,Organic,Clothing,T-Shirts,Nike,Sportswear,41.0,25.0,2.0,0.91,82.0,5.0,28.0,Credit Card,3.0
2023-05-06,26-35,OH,Male,Low,Organic,Home,Furniture,IKEA,Billy Bookcase,153.0,100.0,2.0,1.01,305.0,23.0,83.0,Digital Wallet,5.0
2023-05-06,36-45,NY,Other,Middle,Affiliates,Clothing,Jeans,Levis,501 Original,87.0,60.0,3.0,0.58,262.0,10.0,72.0,Digital Wallet,5.0
2023-05-06,36-45,FL,Female,Low,Organic,Clothing,T-Shirts,Nike,Pro,46.0,30.0,3.0,1.44,139.0,7.0,42.0,Credit Card,5.0
2023-05-06,66+,NY,Female,Low,Others,Electronics,Laptops,Apple Laptop,MacBook Air M2,1303.0,1000.0,1.0,0.63,1303.0,13.0,290.0,Debit Card,4.0
2023-05-06,18-25,TX,Female,Middle,App,Home,Furniture,IKEA,Billy Bookcase,117.0,100.0,1.0,1.89,117.0,12.0,5.0,Digital Wallet,5.0
2023-05-06,46-55,GA,Female,Middle,Organic,Clothing,Jeans,Levis,Slim Fit,66.0,50.0,3.0,1.76,199.0,6.0,44.0,Debit Card,3.0
2023-05-06,18-25,TX,Female,Low,Affiliates,Home,Furniture,IKEA,Billy Bookcase,177.0,100.0,1.0,1.39,177.0,12.0,65.0,Credit Card,4.0
2023-05-06,26-35,OH,Female,Middle,Organic,Home,Furniture,IKEA,Kallax Shelf,63.0,60.0,2.0,1.99,126.0,23.0,-17.0,Digital Wallet,5.0
2023-05-06,56-65,NY,Female,Low,App,Beauty,Makeup,Maybelline,Fit Me Foundation,24.0,15.0,1.0,1.95,24.0,6.0,3.0,BNPL,4.0
2023-05-06,46-55,MI,Other,Low,PPC,Electronics,Smartphones,Apple,iPhone 15,1160.0,800.0,2.0,0.77,2320.0,15.0,705.0,Digital Wallet,4.0
2023-05-06,46-55,CA,Female,Middle,Organic,Electronics,Smartphones,Samsung,Galaxy S21,826.0,500.0,2.0,0.75,1653.0,10.0,643.0,Digital Wallet,4.0
2023-05-06,46-55,TX,Female,Middle,PPC,Electronics,Laptops,Apple Laptop,MacBook Air M2,1376.0,1000.0,1.0,1.99,1376.0,10.0,365.0,Debit Card,2.0
2023-05-06,36-45,FL,Male,Low,Others,Clothing,T-Shirts,Adidas,Essentials,43.0,35.0,4.0,1.64,172.0,8.0,24.0,Digital Wallet,5.0
2023-05-06,26-35,TX,Female,Low,App,Beauty,Skincare,Neutrogena,Hydro Boost Gel,26.0,20.0,2.0,0.97,53.0,4.0,9.0,Digital Wallet,3.0
2023-05-06,66+,TX,Female,Middle,App,Clothing,Jeans,Wrangler,Regular Fit,71.0,35.0,3.0,1.94,214.0,7.0,102.0,Digital Wallet,4.0
2023-05-06,26-35,MI,Female,Low,Email,Beauty,Makeup,Revlon,ColorStay Lipstick,21.0,15.0,3.0,0.99,62.0,6.0,10.0,Credit Card,6.0
2023-05-06,46-55,MI,Male,High,App,Clothing,T-Shirts,Nike,Dry-FIT,33.0,20.0,1.0,1.45,33.0,6.0,8.0,Credit Card,5.0
2023-05-06,26-35,NY,Female,Low,Affiliates,Electronics,Smartphones,Samsung,Galaxy Z Fold 5,1861.0,1500.0,2.0,0.71,3722.0,15.0,707.0,Debit Card,5.0
2023-05-06,26-35,NC,Other,Low,Others,Home,Furniture,IKEA,Kallax Shelf,82.0,60.0,12.0,1.23,989.0,126.0,142.0,Digital Wallet,10.0
2023-05-06,18-25,OH,Male,Middle,App,Electronics,Smartphones,Apple,iPhone 15,1129.0,800.0,2.0,1.6,2257.0,13.0,645.0,Credit Card,13.0
2023-05-06,18-25,NY,Female,Middle,PPC,Clothing,Jeans,Wrangler,Regular Fit,59.0,35.0,3.0,1.26,178.0,10.0,63.0,Digital Wallet,6.0
2023-05-06,36-45,IL,Female,Middle,Affiliates,Electronics,Smartphones,Samsung,Galaxy S21,635.0,500.0,2.0,1.34,1270.0,14.0,256.0,Digital Wallet,3.0
2023-05-06,46-55,PA,Male,Low,Others,Home,Furniture,IKEA,Billy Bookcase,139.0,100.0,2.0,0.62,278.0,24.0,54.0,Digital Wallet,5.0
2023-05-06,56-65,CA,Male,High,Email,Clothing,Jeans,Levis,Slim Fit,71.0,50.0,2.0,1.23,143.0,3.0,40.0,Digital Wallet,3.0
2023-05-06,56-65,PA,Female,Middle,Affiliates,Electronics,Smartphones,Samsung,Galaxy S21,737.0,500.0,2.0,1.26,1474.0,14.0,460.0,Credit Card,4.0
2023-05-06,26-35,NC,Other,Middle,Others,Clothing,T-Shirts,Nike,Sportswear,42.0,25.0,3.0,0.99,126.0,10.0,41.0,Credit Card,6.0
2023-05-06,36-45,CA,Other,Low,Affiliates,Electronics,Smartphones,Apple,iPhone 15,1135.0,800.0,2.0,1.28,2270.0,10.0,660.0,Digital Wallet,3.0
2023-05-06,36-45,OH,Female,Middle,App,Electronics,Laptops,Apple Laptop,MacBook Air M2,1264.0,1000.0,2.0,0.77,2529.0,19.0,510.0,Debit Card,5.0
2023-05-06,36-45,FL,Male,Low,Others,Clothing,Jeans,Wrangler,Authentics,50.0,30.0,2.0,1.47,101.0,6.0,35.0,Credit Card,2.0
2023-05-06,26-35,IL,Male,Low,Organic,Clothing,T-Shirts,Nike,Sportswear,40.0,25.0,2.0,1.49,81.0,7.0,24.0,Debit Card,3.0
2023-05-06,26-35,TX,Female,Low,Others,Clothing,Jeans,Levis,501 Original,92.0,60.0,1.0,1.77,92.0,4.0,28.0,Debit Card,5.0
2023-05-06,46-55,IL,Female,Middle,Organic,Electronics,Smartphones,Samsung,Galaxy S21,767.0,500.0,1.0,1.15,767.0,9.0,258.0,Digital Wallet,5.0
2023-05-06,18-25,FL,Female,Middle,Organic,Clothing,Jeans,Levis,Slim Fit,76.0,50.0,3.0,0.89,229.0,8.0,72.0,Debit Card,5.0
2023-05-06,36-45,CA,Female,Middle,PPC,Electronics,Smartphones,Apple,iPhone 14,1046.0,700.0,3.0,0.98,3137.0,15.0,1021.0,Credit Card,4.0
2023-05-06,36-45,TX,Female,Middle,Organic,Electronics,Smartphones,Samsung,Galaxy A32,342.0,250.0,1.0,1.31,342.0,7.0,84.0,Credit Card,3.0
2023-05-06,26-35,NY,Female,Low,Affiliates,Beauty,Makeup,Maybelline,Fit Me Foundation,23.0,15.0,3.0,0.91,70.0,7.0,18.0,Credit Card,5.0
2023-05-06,66+,CA,Other,Middle,Organic,Electronics,Laptops,Dell,Inspiron,854.0,600.0,2.0,1.03,1708.0,16.0,492.0,Credit Card,2.0
2023-05-06,26-35,CA,Female,Low,PPC,Clothing,Jeans,Wrangler,Regular Fit,58.0,35.0,1.0,1.52,58.0,3.0,20.0,Digital Wallet,7.0
2023-05-06,46-55,MI,Female,Middle,Organic,Clothing,Jeans,Wrangler,Authentics,48.0,30.0,2.0,0.93,97.0,8.0,29.0,Digital Wallet,5.0
2023-05-06,26-35,IL,Male,Middle,Others,Beauty,Makeup,Maybelline,Fit Me Foundation,24.0,15.0,3.0,1.93,71.0,6.0,20.0,Digital Wallet,4.0
2023-05-06,66+,IL,Female,Middle,Email,Clothing,Jeans,Levis,Bootcut,119.0,100.0,3.0,0.71,356.0,9.0,47.0,Debit Card,4.0
2023-05-06,56-65,TX,Female,High,Organic,Beauty,Makeup,Maybelline,Fit Me Foundation,19.0,15.0,3.0,1.57,56.0,4.0,7.0,Credit Card,3.0
2023-05-06,18-25,TX,Female,Middle,Organic,Beauty,Skincare,Neutrogena,Hydro Boost Gel,23.0,20.0,4.0,1.73,92.0,5.0,7.0,Debit Card,5.0
2023-05-06,18-25,NC,Female,Middle,Email,Clothing,T-Shirts,Adidas,Performance,68.0,45.0,5.0,1.16,341.0,12.0,104.0,Digital Wallet,5.0
2023-05-06,36-45,CA,Male,Middle,Email,Home,Furniture,IKEA,Billy Bookcase,165.0,100.0,10.0,1.1,1654.0,100.0,554.0,Debit Card,9.0
2023-05-06,46-55,FL,Other,Low,Affiliates,Home,Furniture,IKEA,Kallax Shelf,45.0,60.0,2.0,1.9,90.0,23.0,-53.0,Credit Card,5.0
2023-05-06,18-25,TX,Male,Low,Email,Clothing,Jeans,Wrangler,Authentics,49.0,30.0,1.0,0.85,49.0,4.0,15.0,Digital Wallet,3.0
2023-05-06,26-35,PA,Female,High,App,Clothing,T-Shirts,Adidas,Performance,82.0,45.0,3.0,1.47,247.0,7.0,105.0,Digital Wallet,5.0
2023-05-06,36-45,CA,Male,Low,PPC,Home,Furniture,IKEA,Kallax Shelf,88.0,60.0,1.0,1.96,88.0,10.0,18.0,Digital Wallet,3.0
2023-05-06,36-45,OH,Female,Low,Organic,Beauty,Makeup,Revlon,ColorStay Lipstick,20.0,15.0,1.0,1.04,20.0,3.0,2.0,Digital Wallet,4.0
2023-05-06,46-55,PA,Female,High,Email,Clothing,T-Shirts,Nike,Pro,54.0,30.0,2.0,1.2,108.0,6.0,42.0,Debit Card,4.0
2023-05-06,56-65,FL,Female,Middle,App,Electronics,Laptops,HP,Envy,981.0,700.0,1.0,1.38,981.0,11.0,270.0,Credit Card,4.0
2023-05-06,26-35,IL,Other,Middle,Others,Electronics,Laptops,Apple Laptop,MacBook Pro M3,1929.0,1500.0,2.0,1.39,3859.0,20.0,839.0,Digital Wallet,5.0
2023-05-06,66+,CA,Male,Middle,PPC,Home,Beds,Tempur-Pedic,Contour Elite,2075.0,1700.0,2.0,1.84,4150.0,24.0,725.0,Credit Card,4.0
2023-05-06,66+,IL,Female,Middle,App,Home,Furniture,Ashley Furniture,Bed Frame,253.0,100.0,2.0,1.12,506.0,24.0,282.0,Debit Card,6.0
2023-05-06,56-65,TX,Female,High,Others,Clothing,Jeans,Wrangler,Regular Fit,57.0,35.0,1.0,0.93,57.0,4.0,18.0,Credit Card,3.0
2023-05-06,18-25,NC,Male,Low,App,Home,Furniture,Ashley Furniture,Sofa,511.0,300.0,1.0,0.61,511.0,16.0,195.0,BNPL,6.0
2023-05-06,66+,TX,Male,High,Organic,Clothing,Jeans,Levis,Slim Fit,73.0,50.0,3.0,0.81,218.0,7.0,61.0,Digital Wallet,5.0
2023-05-06,46-55,TX,Female,Middle,Email,Electronics,Smartphones,Apple,iPhone 14,1020.0,700.0,1.0,0.56,1020.0,7.0,313.0,Debit Card,4.0
2023-05-06,26-35,IL,Other,Middle,App,Electronics,Laptops,Apple Laptop,MacBook Pro M3,1865.0,1500.0,1.0,0.84,1865.0,12.0,353.0,BNPL,4.0
2023-05-06,26-35,FL,Female,Middle,Organic,Clothing,Jeans,Levis,Slim Fit,67.0,50.0,3.0,1.93,200.0,8.0,43.0,BNPL,5.0
2023-05-06,36-45,NC,Male,Low,PPC,Home,Furniture,Ashley Furniture,Bed Frame,271.0,100.0,2.0,0.92,542.0,26.0,316.0,Digital Wallet,7.0
2023-05-06,36-45,CA,Male,Middle,App,Beauty,Makeup,Revlon,PhotoReady Concealer,16.0,12.0,5.0,1.36,80.0,3.0,17.0,Credit Card,6.0
2023-05-06,46-55,CA,Female,Middle,Organic,Home,Furniture,IKEA,Kallax Shelf,76.0,60.0,2.0,1.32,152.0,20.0,12.0,Digital Wallet,5.0
2023-05-06,56-65,IL,Female,Middle,App,Electronics,Smartphones,Samsung,Galaxy S21,789.0,500.0,3.0,1.2,2366.0,19.0,847.0,BNPL,6.0
2023-05-06,26-35,NC,Female,Middle,App,Home,Furniture,IKEA,Billy Bookcase,175.0,100.0,2.0,0.63,351.0,26.0,124.0,BNPL,8.0
2023-05-06,18-25,MI,Male,Middle,App,Clothing,T-Shirts,Nike,Dry-FIT,33.0,20.0,5.0,1.09,166.0,11.0,56.0,Debit Card,6.0
2023-05-06,66+,CA,Male,Middle,PPC,Electronics,Smartphones,Apple,iPhone SE,637.0,400.0,1.0,1.27,637.0,5.0,232.0,Digital Wallet,3.0
2023-05-06,36-45,IL,Male,High,Affiliates,Home,Furniture,IKEA,Billy Bookcase,168.0,100.0,1.0,1.68,168.0,14.0,54.0,Debit Card,5.0
2023-05-06,18-25,CA,Female,Middle,Organic,Electronics,Smartphones,Apple,iPhone 15,1172.0,800.0,2.0,0.83,2343.0,10.0,733.0,Credit Card,4.0
2023-05-06,36-45,TX,Male,Low,Organic,Home,Furniture,Ashley Furniture,Sofa,419.0,300.0,2.0,0.98,837.0,22.0,215.0,Digital Wallet,5.0
2023-05-06,56-65,NY,Male,High,Others,Home,Beds,Tempur-Pedic,Contour Elite,1907.0,1700.0,2.0,1.8,3813.0,29.0,384.0,Credit Card,6.0
2023-05-06,46-55,CA,Female,Low,App,Beauty,Makeup,Maybelline,Lash Sensational Mascara,17.0,10.0,4.0,1.4,69.0,3.0,26.0,Credit Card,4.0
2023-05-06,26-35,IL,Male,Middle,Email,Beauty,Skincare,Neutrogena,Oil-Free Acne Wash,21.0,15.0,4.0,0.87,83.0,7.0,16.0,Credit Card,5.0
2023-05-06,26-35,OH,Male,Middle,Others,Beauty,Makeup,Maybelline,Fit Me Foundation,21.0,15.0,1.0,1.98,21.0,3.0,3.0,Credit Card,3.0
2023-05-06,36-45,OH,Male,Middle,Organic,Beauty,Skincare,Neutrogena,Oil-Free Acne Wash,21.0,15.0,1.0,1.99,21.0,3.0,2.0,Credit Card,5.0
2023-05-06,36-45,IL,Other,Low,Organic,Electronics,Laptops,Apple Laptop,MacBook Pro M3,1913.0,1500.0,2.0,0.71,3827.0,20.0,807.0,Credit Card,7.0
2023-05-06,46-55,PA,Male,Middle,Others,Clothing,Jeans,Levis,501 Original,83.0,60.0,3.0,0.85,248.0,8.0,60.0,Digital Wallet,4.0
2023-05-06,46-55,IL,Other,Low,Affiliates,Electronics,Smartphones,Apple,iPhone 14,1043.0,700.0,2.0,1.95,2087.0,14.0,672.0,BNPL,4.0
2023-05-06,56-65,CA,Male,High,Organic,Clothing,Jeans,Wrangler,Authentics,51.0,30.0,3.0,1.68,153.0,5.0,59.0,Digital Wallet,4.0
2023-05-06,46-55,IL,Other,Middle,Affiliates,Electronics,Smartphones,Apple,iPhone SE,629.0,400.0,3.0,1.71,1888.0,19.0,669.0,Credit Card,5.0
2023-05-06,46-55,TX,Male,High,App,Clothing,T-Shirts,Nike,Sportswear,39.0,25.0,5.0,1.92,196.0,8.0,63.0,Credit Card,5.0
2023-05-06,26-35,GA,Male,High,App,Electronics,Smartphones,Apple,iPhone 15,1192.0,800.0,1.0,0.53,1192.0,6.0,386.0,Digital Wallet,3.0
2023-05-06,46-55,CA,Male,Middle,PPC,Clothing,T-Shirts,Adidas,Performance,72.0,45.0,5.0,1.86,361.0,6.0,129.0,Digital Wallet,11.0
2023-05-06,36-45,CA,Male,Low,Others,Home,Furniture,IKEA,Billy Bookcase,190.0,100.0,1.0,1.64,190.0,10.0,80.0,Digital Wallet,4.0
2023-05-06,66+,FL,Male,Middle,Email,Home,Furniture,Ashley Furniture,Dining Table,379.0,200.0,2.0,1.2,757.0,23.0,334.0,Credit Card,6.0
2023-05-06,18-25,FL,Male,Low,Organic,Electronics,Laptops,Apple Laptop,MacBook Pro M3,2003.0,1500.0,1.0,1.05,2003.0,11.0,492.0,Digital Wallet,5.0
2023-05-06,18-25,MI,Other,Low,Others,Clothing,T-Shirts,Nike,Dry-FIT,30.0,20.0,4.0,0.67,122.0,9.0,32.0,Credit Card,8.0
2023-05-06,26-35,CA,Male,Low,App,Beauty,Skincare,Neutrogena,Oil-Free Acne Wash,23.0,15.0,2.0,1.57,45.0,3.0,12.0,BNPL,4.0
2023-05-06,18-25,CA,Female,High,Affiliates,Clothing,Jeans,Levis,Bootcut,113.0,100.0,3.0,0.66,340.0,5.0,36.0,Digital Wallet,3.0
2023-05-06,46-55,GA,Female,Low,Others,Home,Beds,Tempur-Pedic,Contour Elite,1987.0,1700.0,2.0,0.72,3974.0,25.0,549.0,BNPL,7.0
2023-05-06,56-65,FL,Other,High,Affiliates,Home,Furniture,IKEA,Billy Bookcase,163.0,100.0,4.0,0.6,651.0,43.0,208.0,Credit Card,6.0
2023-05-06,46-55,CA,Other,Middle,PPC,Beauty,Skincare,Neutrogena,Rapid Wrinkle Repair,28.0,20.0,7.0,1.66,196.0,5.0,51.0,Debit Card,4.0
2023-05-06,56-65,CA,Female,Middle,Organic,Beauty,Makeup,Revlon,PhotoReady Concealer,19.0,12.0,4.0,1.02,75.0,3.0,24.0,Digital Wallet,4.0
2023-05-06,46-55,IL,Female,Middle,Organic,Electronics,Smartphones,Apple,iPhone SE,674.0,400.0,2.0,0.51,1347.0,14.0,533.0,Digital Wallet,5.0
2023-05-06,26-35,TX,Female,Middle,Email,Electronics,Smartphones,Samsung,Galaxy S21,789.0,500.0,1.0,1.38,789.0,7.0,282.0,Debit Card,4.0
2023-05-06,26-35,IL,Male,Middle,Affiliates,Beauty,Makeup,Maybelline,Fit Me Foundation,22.0,15.0,3.0,1.59,66.0,6.0,15.0,Digital Wallet,4.0
2023-05-06,56-65,TX,Male,High,PPC,Home,Furniture,Ashley Furniture,Sofa,445.0,300.0,1.0,1.66,445.0,12.0,133.0,Digital Wallet,5.0
2023-05-06,66+,TX,Female,High,Others,Home,Furniture,Ashley Furniture,Bed Frame,256.0,100.0,2.0,0.65,512.0,22.0,290.0,Credit Card,4.0
2023-05-06,18-25,CA,Other,High,Affiliates,Beauty,Makeup,Maybelline,Lash Sensational Mascara,16.0,10.0,2.0,0.52,32.0,3.0,9.0,Debit Card,4.0
2023-05-06,36-45,TX,Male,Middle,App,Beauty,Makeup,Maybelline,Lash Sensational Mascara,19.0,10.0,5.0,0.53,95.0,5.0,40.0,Credit Card,5.0
2023-05-06,26-35,FL,Other,Middle,Others,Home,Beds,Tempur-Pedic,Cloud Supreme,2212.0,1800.0,2.0,0.64,4423.0,27.0,796.0,Digital Wallet,4.0
2023-05-06,36-45,TX,Other,Middle,App,Home,Furniture,Ashley Furniture,Dining Table,297.0,200.0,1.0,0.5,297.0,12.0,85.0,Digital Wallet,4.0
2023-05-06,18-25,TX,Male,High,Organic,Electronics,Smartphones,Apple,iPhone SE,630.0,400.0,2.0,0.93,1260.0,12.0,447.0,Debit Card,4.0
2023-05-06,26-35,PA,Female,Low,App,Electronics,Smartphones,Apple,iPhone 14,1034.0,700.0,2.0,1.06,2068.0,14.0,654.0,Credit Card,6.0
2023-05-06,66+,NC,Male,Middle,PPC,Clothing,T-Shirts,Nike,Pro,49.0,30.0,4.0,0.57,197.0,11.0,66.0,Credit Card,6.0
2023-05-06,26-35,TX,Female,High,App,Electronics,Laptops,Apple Laptop,MacBook Pro M3,1846.0,1500.0,2.0,1.52,3692.0,18.0,674.0,Digital Wallet,5.0
2023-05-06,18-25,FL,Other,Middle,Affiliates,Clothing,T-Shirts,Nike,Dry-FIT,29.0,20.0,2.0,0.73,57.0,6.0,11.0,Debit Card,4.0
2023-05-06,18-25,OH,Female,High,Affiliates,Electronics,Smartphones,Samsung,Galaxy A32,356.0,250.0,1.0,1.34,356.0,8.0,99.0,Credit Card,3.0
2023-05-06,36-45,MI,Male,Low,App,Clothing,Jeans,Wrangler,Authentics,53.0,30.0,3.0,1.44,160.0,9.0,61.0,Credit Card,5.0
2023-05-06,26-35,FL,Female,Middle,App,Electronics,Laptops,Apple Laptop,MacBook Pro M3,1949.0,1500.0,1.0,1.78,1949.0,11.0,438.0,Credit Card,5.0
2023-05-06,18-25,GA,Female,Middle,Others,Clothing,T-Shirts,Adidas,Performance,70.0,45.0,4.0,1.94,281.0,6.0,95.0,Credit Card,7.0
2023-05-06,26-35,FL,Female,Middle,Organic,Electronics,Laptops,Apple Laptop,MacBook Air M1,1111.0,900.0,2.0,1.41,2223.0,19.0,404.0,BNPL,5.0
2023-05-06,18-25,FL,Male,Middle,PPC,Electronics,Smartphones,Apple,iPhone 15,1124.0,800.0,3.0,1.91,3372.0,18.0,954.0,Credit Card,7.0
2023-05-06,46-55,TX,Female,Middle,Email,Clothing,T-Shirts,Nike,Dry-FIT,40.0,20.0,2.0,1.66,80.0,5.0,36.0,Debit Card,6.0
2023-05-06,18-25,FL,Female,Low,Affiliates,Beauty,Makeup,Revlon,ColorStay Lipstick,23.0,15.0,1.0,1.89,23.0,4.0,5.0,Digital Wallet,3.0
2023-05-06,26-35,PA,Other,Middle,PPC,Beauty,Makeup,Revlon,ColorStay Lipstick,20.0,15.0,6.0,0.78,119.0,7.0,21.0,Credit Card,6.0
2023-05-06,36-45,MI,Female,Low,Organic,Clothing,Jeans,Levis,Slim Fit,76.0,50.0,1.0,1.1,76.0,6.0,20.0,Debit Card,5.0
2023-05-06,46-55,CA,Female,Middle,Organic,Beauty,Makeup,Revlon,ColorStay Lipstick,22.0,15.0,1.0,1.29,22.0,3.0,4.0,Credit Card,2.0
2023-05-06,46-55,TX,Female,High,Organic,Clothing,Jeans,Levis,Slim Fit,75.0,50.0,3.0,1.36,226.0,7.0,69.0,Digital Wallet,5.0
2023-05-06,26-35,MI,Male,Middle,App,Clothing,T-Shirts,Nike,Dry-FIT,30.0,20.0,3.0,1.32,91.0,8.0,23.0,Credit Card,5.0
2023-05-06,56-65,FL,Other,Low,Others,Beauty,Skincare,Neutrogena,Oil-Free Acne Wash,18.0,15.0,1.0,1.33,18.0,4.0,-0.0,Debit Card,4.0
2023-05-06,46-55,CA,Other,Middle,Organic,Clothing,Jeans,Wrangler,Regular Fit,56.0,35.0,1.0,0.76,56.0,3.0,18.0,Debit Card,3.0
2023-05-06,26-35,TX,Male,Middle,App,Clothing,Jeans,Wrangler,Authentics,46.0,30.0,1.0,1.31,46.0,4.0,12.0,Debit Card,3.0
2023-05-06,56-65,MI,Female,High,PPC,Beauty,Makeup,Maybelline,Lash Sensational Mascara,14.0,10.0,1.0,1.05,14.0,5.0,-1.0,Credit Card,2.0
2023-05-06,36-45,PA,Other,Middle,Affiliates,Clothing,T-Shirts,Nike,Dry-FIT,28.0,20.0,3.0,1.41,85.0,7.0,18.0,Credit Card,4.0
2023-05-06,36-45,NY,Male,Middle,Affiliates,Beauty,Makeup,Maybelline,Lash Sensational Mascara,16.0,10.0,6.0,1.92,98.0,9.0,29.0,Credit Card,7.0
2023-05-06,26-35,NC,Male,High,Affiliates,Home,Beds,Serta,Perfect Sleeper,960.0,750.0,1.0,1.85,960.0,18.0,192.0,Debit Card,6.0
2023-05-06,26-35,FL,Other,Low,Affiliates,Electronics,Smartphones,Apple,iPhone 14,1021.0,700.0,2.0,1.81,2043.0,13.0,629.0,Credit Card,3.0
2023-05-06,26-35,FL,Male,Low,Organic,Electronics,Smartphones,Samsung,Galaxy S21,768.0,500.0,3.0,1.1,2304.0,18.0,786.0,BNPL,6.0
2023-05-06,56-65,OH,Male,Middle,App,Home,Furniture,IKEA,Kallax Shelf,71.0,60.0,1.0,0.88,71.0,13.0,-1.0,Digital Wallet,4.0
2023-05-06,18-25,PA,Other,Middle,Organic,Clothing,Jeans,Levis,Bootcut,132.0,100.0,1.0,1.55,132.0,5.0,27.0,Credit Card,3.0
2023-05-06,18-25,FL,Female,High,App,Clothing,Jeans,Levis,Bootcut,121.0,100.0,2.0,0.53,242.0,6.0,36.0,Digital Wallet,3.0
2023-05-06,36-45,CA,Male,Middle,Affiliates,Home,Furniture,Ashley Furniture,Dining Table,305.0,200.0,1.0,0.63,305.0,10.0,95.0,Digital Wallet,2.0
2023-05-06,26-35,NY,Female,Low,PPC,Beauty,Skincare,Neutrogena,Hydro Boost Gel,26.0,20.0,4.0,1.36,105.0,8.0,17.0,Credit Card,5.0
2023-05-06,36-45,CA,Female,Middle,Others,Beauty,Makeup,Revlon,ColorStay Lipstick,21.0,15.0,1.0,0.56,21.0,3.0,3.0,Debit Card,2.0
2023-05-06,56-65,CA,Female,Middle,Affiliates,Clothing,Jeans,Wrangler,Authentics,58.0,30.0,1.0,1.19,58.0,3.0,25.0,Digital Wallet,2.0
2023-05-06,46-55,IL,Male,Middle,Organic,Clothing,Jeans,Levis,Slim Fit,87.0,50.0,2.0,1.97,175.0,7.0,67.0,Digital Wallet,4.0
2023-05-06,56-65,CA,Female,Low,Email,Electronics,Smartphones,Samsung,Galaxy A32,403.0,250.0,2.0,0.94,806.0,10.0,296.0,Digital Wallet,3.0
2023-05-06,26-35,FL,Female,Low,Others,Electronics,Laptops,Dell,Inspiron,887.0,600.0,1.0,1.56,887.0,11.0,275.0,Digital Wallet,4.0
2023-05-06,56-65,IL,Female,High,Organic,Beauty,Makeup,Maybelline,Lash Sensational Mascara,15.0,10.0,2.0,1.32,29.0,5.0,4.0,Debit Card,3.0
2023-05-06,26-35,FL,Female,High,Organic,Electronics,Laptops,HP,Envy,962.0,700.0,1.0,1.69,962.0,11.0,251.0,Debit Card,3.0
2023-05-06,36-45,TX,Male,Middle,Affiliates,Electronics,Laptops,Dell,XPS,1688.0,1300.0,1.0,0.8,1688.0,10.0,377.0,Credit Card,5.0
2023-05-06,46-55,FL,Male,Middle,App,Beauty,Makeup,Revlon,ColorStay Lipstick,21.0,15.0,1.0,1.18,21.0,4.0,3.0,Credit Card,4.0
2023-05-06,66+,GA,Female,Middle,Organic,Home,Beds,Serta,iComfort,2429.0,1900.0,1.0,1.51,2429.0,13.0,516.0,Digital Wallet,8.0
2023-05-06,46-55,FL,Female,Middle,Organic,Clothing,Jeans,Levis,501 Original,81.0,60.0,1.0,0.65,81.0,5.0,16.0,Digital Wallet,3.0
2023-05-06,56-65,CA,Male,Low,PPC,Beauty,Skincare,Neutrogena,Oil-Free Acne Wash,20.0,15.0,1.0,1.63,20.0,3.0,2.0,Debit Card,4.0
2023-05-06,36-45,PA,Female,High,Affiliates,Electronics,Smartphones,Samsung,Galaxy S21,773.0,500.0,2.0,1.62,1546.0,14.0,532.0,Debit Card,4.0
2023-05-06,18-25,NY,Other,High,Others,Clothing,Jeans,Wrangler,Regular Fit,58.0,35.0,2.0,1.41,116.0,8.0,38.0,Credit Card,4.0
2023-05-06,46-55,NC,Male,High,Email,Beauty,Makeup,Maybelline,Fit Me Foundation,23.0,15.0,3.0,1.54,68.0,8.0,15.0,BNPL,5.0
2023-05-06,46-55,IL,Male,Low,Others,Clothing,T-Shirts,Adidas,Performance,79.0,45.0,1.0,0.88,79.0,5.0,29.0,Digital Wallet,5.0
2023-05-06,56-65,CA,Male,Low,Affiliates,Beauty,Makeup,Maybelline,Fit Me Foundation,17.0,15.0,3.0,0.8,50.0,3.0,2.0,Credit Card,4.0
2023-05-06,46-55,IL,Other,Low,Organic,Home,Beds,Tempur-Pedic,Contour Elite,2079.0,1700.0,2.0,1.04,4157.0,28.0,729.0,Digital Wallet,5.0
2023-05-06,56-65,IL,Female,Middle,Email,Electronics,Smartphones,Samsung,Galaxy S21,781.0,500.0,2.0,0.64,1562.0,14.0,548.0,Debit Card,6.0
2023-05-06,36-45,CA,Male,Middle,Organic,Home,Furniture,IKEA,Billy Bookcase,127.0,100.0,2.0,1.28,253.0,20.0,33.0,Credit Card,6.0
2023-05-06,66+,TX,Female,High,Others,Clothing,Jeans,Levis,Bootcut,121.0,100.0,1.0,0.78,121.0,4.0,17.0,Credit Card,4.0
2023-05-06,66+,FL,Female,Middle,Affiliates,Clothing,T-Shirts,Nike,Pro,49.0,30.0,2.0,0.86,99.0,6.0,33.0,Credit Card,4.0
2023-05-06,26-35,GA,Other,Middle,App,Home,Furniture,Ashley Furniture,Bed Frame,236.0,100.0,2.0,1.87,472.0,21.0,251.0,Debit Card,6.0
2023-05-06,66+,NC,Male,Low,Organic,Beauty,Makeup,Maybelline,Fit Me Foundation,21.0,15.0,2.0,0.54,42.0,7.0,5.0,Digital Wallet,6.0
2023-05-06,18-25,NY,Other,High,Affiliates,Home,Beds,Serta,Perfect Sleeper,997.0,750.0,2.0,0.71,1994.0,29.0,465.0,Debit Card,6.0
2023-05-06,36-45,TX,Female,High,Organic,Clothing,Jeans,Wrangler,Authentics,51.0,30.0,2.0,0.68,103.0,5.0,37.0,Digital Wallet,7.0
2023-05-06,26-35,OH,Other,Middle,Organic,Home,Furniture,IKEA,Kallax Shelf,81.0,60.0,1.0,0.99,81.0,13.0,9.0,BNPL,5.0
2023-05-06,18-25,IL,Female,Middle,Email,Clothing,T-Shirts,Nike,Pro,52.0,30.0,2.0,0.51,104.0,7.0,38.0,Debit Card,4.0
2023-05-06,18-25,PA,Male,Low,Organic,Clothing,Jeans,Wrangler,Authentics,49.0,30.0,3.0,1.29,147.0,8.0,49.0,Digital Wallet,6.0
2023-05-06,36-45,CA,Other,Middle,Others,Clothing,Jeans,Wrangler,Authentics,41.0,30.0,3.0,0.66,124.0,5.0,29.0,Debit Card,3.0
2023-05-06,26-35,FL,Male,Middle,Others,Electronics,Laptops,HP,Pavilion,882.0,600.0,2.0,1.84,1764.0,19.0,545.0,Digital Wallet,4.0
2023-05-06,36-45,CA,Female,Middle,App,Home,Furniture,IKEA,Billy Bookcase,137.0,100.0,2.0,1.71,274.0,20.0,54.0,Digital Wallet,5.0
2023-05-06,46-55,CA,Female,Middle,App,Electronics,Smartphones,Samsung,Galaxy A32,329.0,250.0,1.0,1.96,329.0,5.0,74.0,Credit Card,2.0
2023-05-06,18-25,NY,Male,Low,Email,Clothing,T-Shirts,Nike,Sportswear,41.0,25.0,3.0,0.79,122.0,9.0,39.0,Credit Card,5.0
2023-05-06,18-25,NC,Male,High,PPC,Home,Beds,Serta,iComfort,2428.0,1900.0,1.0,1.23,2428.0,18.0,510.0,Debit Card,4.0
2023-05-06,36-45,TX,Female,Middle,Others,Electronics,Smartphones,Samsung,Galaxy S21,765.0,500.0,2.0,1.0,1529.0,12.0,517.0,Digital Wallet,2.0
2023-05-06,26-35,TX,Male,Low,App,Beauty,Skincare,Neutrogena,Rapid Wrinkle Repair,24.0,20.0,4.0,1.76,98.0,5.0,13.0,Debit Card,5.0
2023-05-06,46-55,OH,Male,High,Organic,Electronics,Laptops,Apple Laptop,MacBook Air M2,1244.0,1000.0,7.0,1.43,8708.0,59.0,1650.0,Credit Card,15.0
2023-05-06,66+,GA,Female,Low,Affiliates,Electronics,Smartphones,Apple,iPhone 14,1006.0,700.0,1.0,1.95,1006.0,6.0,300.0,Debit Card,3.0
2023-05-06,66+,MI,Female,High,Affiliates,Clothing,T-Shirts,Nike,Pro,56.0,30.0,2.0,1.06,112.0,7.0,45.0,Debit Card,3.0
2023-05-06,26-35,IL,Female,Middle,PPC,Clothing,T-Shirts,Adidas,Performance,58.0,45.0,4.0,0.96,233.0,9.0,44.0,Credit Card,7.0
2023-05-06,36-45,IL,Other,Low,Others,Home,Beds,Serta,iComfort,2377.0,1900.0,2.0,1.53,4753.0,28.0,925.0,Debit Card,4.0
2023-05-06,36-45,CA,Male,Middle,Email,Clothing,Jeans,Levis,501 Original,88.0,60.0,2.0,1.12,177.0,3.0,54.0,Credit Card,4.0
2023-05-06,36-45,OH,Male,High,App,Clothing,Jeans,Levis,501 Original,88.0,60.0,3.0,1.76,265.0,7.0,78.0,Digital Wallet,6.0
2023-05-06,18-25,GA,Male,High,Affiliates,Clothing,Jeans,Levis,Slim Fit,66.0,50.0,1.0,1.19,66.0,3.0,13.0,Credit Card,5.0
2023-05-06,46-55,NY,Male,Middle,PPC,Beauty,Makeup,Maybelline,Fit Me Foundation,21.0,15.0,4.0,1.34,85.0,8.0,17.0,Digital Wallet,5.0
2023-05-06,18-25,PA,Male,Middle,Organic,Beauty,Makeup,Revlon,ColorStay Lipstick,19.0,15.0,3.0,1.02,57.0,6.0,7.0,Digital Wallet,7.0
2023-05-06,26-35,CA,Female,Low,Others,Beauty,Makeup,Maybelline,Lash Sensational Mascara,12.0,10.0,5.0,1.14,62.0,3.0,9.0,Credit Card,4.0
2023-05-06,66+,FL,Female,Low,Email,Clothing,Jeans,Wrangler,Authentics,49.0,30.0,3.0,1.68,148.0,8.0,50.0,Debit Card,5.0
2023-05-06,36-45,GA,Other,High,Organic,Clothing,T-Shirts,Nike,Sportswear,40.0,25.0,2.0,1.47,80.0,4.0,27.0,Credit Card,4.0
2023-05-06,18-25,CA,Male,Middle,Others,Home,Furniture,IKEA,Kallax Shelf,70.0,60.0,2.0,1.78,141.0,20.0,1.0,Debit Card,4.0
2023-05-06,26-35,OH,Other,Low,App,Electronics,Smartphones,Apple,iPhone 14,1009.0,700.0,2.0,1.95,2017.0,13.0,605.0,Debit Card,5.0
2023-05-06,56-65,NY,Male,Middle,Email,Beauty,Skincare,Neutrogena,Oil-Free Acne Wash,18.0,15.0,3.0,1.58,55.0,7.0,3.0,Digital Wallet,4.0
2023-05-06,18-25,NC,Other,Middle,PPC,Electronics,Laptops,Dell,XPS,1632.0,1300.0,1.0,0.65,1632.0,14.0,318.0,Digital Wallet,4.0
2023-05-06,26-35,PA,Female,Middle,Others,Clothing,Jeans,Wrangler,Regular Fit,65.0,35.0,2.0,1.31,130.0,7.0,53.0,Digital Wallet,5.0
2023-05-06,36-45,OH,Other,Low,Others,Clothing,T-Shirts,Nike,Sportswear,44.0,25.0,5.0,0.55,218.0,9.0,84.0,Digital Wallet,8.0
2023-05-06,26-35,NY,Female,Low,Others,Electronics,Laptops,HP,Pavilion,863.0,600.0,2.0,0.97,1725.0,21.0,504.0,Credit Card,8.0
2023-05-06,56-65,FL,Male,Low,Organic,Clothing,T-Shirts,Nike,Sportswear,38.0,25.0,2.0,1.96,75.0,6.0,19.0,Debit Card,4.0
2023-05-06,46-55,NY,Female,Middle,Others,Beauty,Makeup,Maybelline,Fit Me Foundation,21.0,15.0,2.0,1.58,43.0,6.0,6.0,BNPL,4.0
2023-05-06,26-35,NC,Male,Low,Organic,Clothing,Jeans,Wrangler,Regular Fit,67.0,35.0,1.0,1.79,67.0,8.0,24.0,Credit Card,3.0
2023-05-06,46-55,NY,Other,Middle,Organic,Beauty,Makeup,Maybelline,Lash Sensational Mascara,13.0,10.0,4.0,1.31,53.0,8.0,6.0,Credit Card,3.0
2023-05-06,56-65,CA,Other,Middle,Organic,Home,Beds,Serta,iComfort,2433.0,1900.0,2.0,1.56,4866.0,24.0,1042.0,BNPL,4.0
2023-05-06,66+,NC,Female,Middle,Others,Beauty,Makeup,Maybelline,Fit Me Foundation,21.0,15.0,5.0,0.8,106.0,9.0,21.0,Credit Card,4.0
2023-05-06,46-55,MI,Male,Low,Organic,Electronics,Laptops,HP,Envy,966.0,700.0,2.0,0.61,1932.0,21.0,512.0,Credit Card,4.0
2023-05-06,36-45,IL,Other,Middle,Organic,Home,Furniture,IKEA,Kallax Shelf,57.0,60.0,1.0,1.25,57.0,14.0,-17.0,Digital Wallet,5.0
2023-05-06,18-25,MI,Other,Low,Others,Home,Beds,Serta,iComfort,2408.0,1900.0,2.0,1.89,4816.0,29.0,987.0,Debit Card,5.0
2023-05-06,36-45,TX,Female,Middle,Organic,Beauty,Makeup,Maybelline,Fit Me Foundation,20.0,15.0,1.0,1.58,20.0,3.0,2.0,Digital Wallet,3.0
2023-05-06,56-65,IL,Female,Low,Others,Clothing,Jeans,Wrangler,Authentics,48.0,30.0,2.0,1.31,96.0,7.0,28.0,Digital Wallet,4.0
2023-05-06,26-35,PA,Male,Low,Email,Beauty,Skincare,Neutrogena,Oil-Free Acne Wash,23.0,15.0,2.0,1.9,45.0,5.0,10.0,Credit Card,4.0
2023-05-06,36-45,NY,Male,Middle,App,Beauty,Makeup,Maybelline,Fit Me Foundation,18.0,15.0,6.0,1.35,106.0,9.0,8.0,Credit Card,6.0
2023-05-06,26-35,OH,Male,Middle,Affiliates,Electronics,Smartphones,Apple,iPhone 14,1037.0,700.0,3.0,1.35,3111.0,18.0,993.0,Digital Wallet,5.0
2023-05-06,66+,OH,Male,Low,App,Electronics,Smartphones,Samsung,Galaxy S21,767.0,500.0,1.0,1.84,767.0,8.0,260.0,BNPL,5.0
2023-05-06,36-45,TX,Male,High,Affiliates,Beauty,Makeup,Maybelline,Lash Sensational Mascara,17.0,10.0,6.0,1.4,103.0,6.0,38.0,Digital Wallet,4.0
2023-05-06,26-35,FL,Female,Middle,Affiliates,Clothing,T-Shirts,Adidas,Essentials,40.0,35.0,1.0,1.35,40.0,4.0,0.0,Debit Card,3.0
2023-05-06,56-65,TX,Female,Middle,Organic,Home,Beds,Tempur-Pedic,Contour Elite,2005.0,1700.0,2.0,0.95,4009.0,26.0,583.0,Digital Wallet,5.0
2023-05-06,66+,NY,Female,Low,PPC,Clothing,Jeans,Wrangler,Authentics,54.0,30.0,3.0,1.48,162.0,10.0,62.0,Credit Card,5.0
2023-05-06,56-65,IL,Male,High,Others,Home,Beds,Serta,Perfect Sleeper,994.0,750.0,1.0,0.85,994.0,16.0,227.0,Debit Card,6.0
2023-05-06,56-65,IL,Female,Middle,Affiliates,Home,Beds,Serta,Perfect Sleeper,973.0,750.0,2.0,1.82,1946.0,28.0,418.0,Credit Card,4.0
2023-05-06,26-35,OH,Male,Middle,Organic,Electronics,Laptops,Apple Laptop,MacBook Pro M2,1457.0,1200.0,1.0,1.41,1457.0,11.0,246.0,Credit Card,4.0
2023-05-06,36-45,FL,Other,Middle,Email,Beauty,Makeup,Maybelline,Fit Me Foundation,19.0,15.0,6.0,1.07,114.0,7.0,17.0,Debit Card,5.0
2023-05-06,18-25,MI,Other,Middle,App,Clothing,Jeans,Levis,Slim Fit,67.0,50.0,1.0,1.2,67.0,6.0,11.0,Digital Wallet,3.0
2023-05-06,26-35,TX,Male,Middle,Others,Home,Beds,Tempur-Pedic,Cloud Supreme,2180.0,1800.0,1.0,0.62,2180.0,14.0,366.0,Credit Card,4.0
2023-05-06,56-65,MI,Other,Low,App,Home,Beds,Tempur-Pedic,Cloud Supreme,2149.0,1800.0,2.0,1.85,4299.0,29.0,670.0,Digital Wallet,7.0
2023-05-06,36-45,TX,Male,Middle,App,Electronics,Laptops,Apple Laptop,MacBook Air M2,1357.0,1000.0,2.0,1.9,2714.0,18.0,695.0,BNPL,4.0
2023-05-06,18-25,CA,Male,Low,PPC,Beauty,Skincare,Neutrogena,Hydro Boost Gel,27.0,20.0,2.0,1.12,53.0,3.0,10.0,Debit Card,3.0
2023-05-06,66+,OH,Female,Middle,App,Home,Furniture,IKEA,Kallax Shelf,88.0,60.0,1.0,0.85,88.0,13.0,15.0,Digital Wallet,3.0
2023-05-06,26-35,GA,Male,Low,Others,Electronics,Laptops,Dell,XPS,1692.0,1300.0,1.0,1.98,1692.0,9.0,383.0,Credit Card,5.0
2023-05-06,46-55,PA,Other,Low,Organic,Clothing,Jeans,Levis,501 Original,78.0,60.0,2.0,1.34,155.0,7.0,28.0,Digital Wallet,5.0
2023-05-06,26-35,NC,Male,Middle,Organic,Clothing,T-Shirts,Nike,Pro,55.0,30.0,1.0,0.94,55.0,7.0,18.0,Digital Wallet,3.0
2023-05-06,36-45,OH,Female,Middle,App,Clothing,Jeans,Wrangler,Authentics,56.0,30.0,3.0,1.13,168.0,7.0,71.0,Credit Card,4.0
2023-05-06,36-45,TX,Female,Low,App,Electronics,Laptops,Apple Laptop,MacBook Pro M3,1864.0,1500.0,2.0,1.59,3727.0,18.0,709.0,Debit Card,5.0
2023-05-06,66+,PA,Male,Low,Organic,Clothing,Jeans,Wrangler,Regular Fit,67.0,35.0,2.0,1.92,133.0,7.0,57.0,Debit Card,4.0
2023-05-06,36-45,NY,Male,Middle,Organic,Clothing,Jeans,Wrangler,Regular Fit,62.0,35.0,15.0,1.57,923.0,28.0,371.0,Debit Card,12.0
2023-05-06,56-65,FL,Other,Middle,Affiliates,Electronics,Laptops,HP,Envy,902.0,700.0,1.0,1.53,902.0,11.0,191.0,Digital Wallet,6.0
2023-05-06,36-45,CA,Male,Low,Affiliates,Home,Beds,Tempur-Pedic,Contour Elite,2000.0,1700.0,1.0,1.97,2000.0,12.0,287.0,Credit Card,4.0
2023-05-06,46-55,OH,Male,Middle,Others,Beauty,Makeup,Revlon,PhotoReady Concealer,20.0,12.0,3.0,1.6,59.0,5.0,19.0,Debit Card,2.0
2023-05-06,18-25,FL,Male,Low,Others,Beauty,Skincare,Neutrogena,Rapid Wrinkle Repair,31.0,20.0,3.0,1.01,93.0,5.0,28.0,Debit Card,5.0
2023-05-06,66+,TX,Other,Middle,Affiliates,Home,Beds,Tempur-Pedic,Contour Elite,2122.0,1700.0,2.0,1.96,4243.0,26.0,817.0,Credit Card,5.0
2023-05-06,36-45,OH,Male,Low,Affiliates,Clothing,T-Shirts,Nike,Dry-FIT,29.0,20.0,5.0,1.72,146.0,9.0,37.0,Debit Card,5.0
2023-05-06,36-45,FL,Female,Middle,Organic,Clothing,Jeans,Wrangler,Regular Fit,58.0,35.0,2.0,0.83,116.0,6.0,39.0,Credit Card,5.0
2023-05-06,26-35,PA,Female,Middle,App,Clothing,Jeans,Wrangler,Regular Fit,62.0,35.0,2.0,0.65,125.0,7.0,48.0,Credit Card,4.0
2023-05-06,46-55,CA,Female,Middle,Affiliates,Beauty,Makeup,Maybelline,Lash Sensational Mascara,16.0,10.0,5.0,1.59,81.0,3.0,28.0,Debit Card,5.0
2023-05-06,26-35,MI,Male,Middle,Affiliates,Beauty,Makeup,Maybelline,Lash Sensational Mascara,14.0,10.0,2.0,0.6,29.0,6.0,3.0,Credit Card,4.0
2023-05-06,66+,IL,Female,Middle,PPC,Electronics,Smartphones,Apple,iPhone 15,1134.0,800.0,2.0,0.73,2268.0,14.0,654.0,BNPL,5.0
2023-05-06,36-45,IL,Male,Low,Organic,Clothing,Jeans,Wrangler,Authentics,47.0,30.0,2.0,1.61,94.0,7.0,27.0,Debit Card,7.0
2023-05-06,46-55,CA,Other,Low,Email,Home,Furniture,IKEA,Kallax Shelf,83.0,60.0,2.0,1.74,166.0,20.0,26.0,Debit Card,5.0
2023-05-06,46-55,FL,Male,Middle,Email,Clothing,T-Shirts,Nike,Dry-FIT,29.0,20.0,4.0,1.93,115.0,8.0,27.0,Digital Wallet,5.0
2023-05-06,66+,PA,Female,Middle,App,Beauty,Skincare,Neutrogena,Rapid Wrinkle Repair,34.0,20.0,2.0,1.8,68.0,5.0,23.0,Credit Card,4.0
2023-05-06,36-45,NY,Male,High,Others,Beauty,Makeup,Maybelline,Fit Me Foundation,14.0,15.0,6.0,1.29,82.0,9.0,-17.0,Debit Card,6.0
2023-05-06,36-45,FL,Female,Middle,Others,Home,Furniture,IKEA,Billy Bookcase,153.0,100.0,2.0,1.26,306.0,23.0,83.0,Digital Wallet,5.0
2023-05-06,36-45,CA,Female,High,App,Beauty,Makeup,Maybelline,Lash Sensational Mascara,15.0,10.0,2.0,1.85,29.0,3.0,6.0,Credit Card,5.0
2023-05-06,26-35,NC,Male,Low,Email,Home,Furniture,IKEA,Kallax Shelf,95.0,60.0,1.0,0.84,95.0,16.0,18.0,Digital Wallet,5.0
2023-05-06,66+,TX,Female,High,Organic,Home,Furniture,Ashley Furniture,Dining Table,391.0,200.0,1.0,1.19,391.0,12.0,179.0,Credit Card,4.0
2023-05-06,46-55,IL,Female,Low,Others,Electronics,Smartphones,Apple,iPhone 15,1147.0,800.0,2.0,1.55,2293.0,14.0,679.0,Digital Wallet,5.0
2023-05-06,18-25,FL,Female,Middle,App,Electronics,Smartphones,Samsung,Galaxy S21,780.0,500.0,3.0,1.73,2340.0,18.0,822.0,Debit Card,6.0
2023-05-06,26-35,IL,Female,Low,PPC,Clothing,T-Shirts,Nike,Sportswear,42.0,25.0,5.0,1.05,209.0,10.0,74.0,Digital Wallet,7.0
2023-05-06,36-45,TX,Female,Middle,Email,Electronics,Smartphones,Apple,iPhone 14,1038.0,700.0,1.0,1.6,1038.0,7.0,331.0,Debit Card,3.0
2023-05-06,26-35,NY,Female,High,Organic,Home,Furniture,IKEA,Billy Bookcase,136.0,100.0,1.0,0.84,136.0,15.0,21.0,Credit Card,4.0
2023-05-06,18-25,MI,Female,High,Others,Beauty,Skincare,Neutrogena,Hydro Boost Gel,32.0,20.0,3.0,0.77,96.0,7.0,29.0,Debit Card,5.0
2023-05-06,36-45,PA,Male,Middle,Organic,Clothing,T-Shirts,Adidas,Performance,56.0,45.0,3.0,0.82,169.0,7.0,27.0,Digital Wallet,5.0
2023-05-06,26-35,NY,Female,Low,PPC,Electronics,Smartphones,Apple,iPhone 15,1092.0,800.0,2.0,1.98,2184.0,15.0,569.0,Digital Wallet,6.0
2023-05-06,36-45,FL,Other,Middle,Organic,Home,Furniture,IKEA,Billy Bookcase,165.0,100.0,2.0,0.92,330.0,23.0,107.0,Credit Card,10.0
2023-05-06,18-25,NY,Male,Middle,Organic,Clothing,Jeans,Levis,501 Original,86.0,60.0,1.0,0.92,86.0,7.0,19.0,Debit Card,4.0
2023-05-06,56-65,FL,Male,Low,Email,Home,Furniture,Ashley Furniture,Bed Frame,251.0,100.0,2.0,0.73,502.0,23.0,279.0,Credit Card,5.0
2023-05-06,46-55,OH,Male,Low,PPC,Beauty,Makeup,Revlon,ColorStay Lipstick,23.0,15.0,3.0,1.06,69.0,5.0,19.0,Credit Card,5.0
2023-05-06,18-25,CA,Other,Middle,App,Electronics,Smartphones,Apple,iPhone 14,1013.0,700.0,3.0,1.09,3038.0,15.0,923.0,Credit Card,4.0
2023-05-06,56-65,MI,Female,High,Organic,Beauty,Makeup,Maybelline,Fit Me Foundation,25.0,15.0,1.0,1.09,25.0,5.0,4.0,Digital Wallet,2.0
2023-05-06,36-45,OH,Male,Low,App,Home,Furniture,IKEA,Billy Bookcase,180.0,100.0,2.0,0.7,359.0,23.0,137.0,Digital Wallet,5.0
2023-05-06,26-35,CA,Male,Low,Email,Clothing,Jeans,Levis,501 Original,86.0,60.0,1.0,1.43,86.0,3.0,23.0,Digital Wallet,2.0
2023-05-06,18-25,CA,Male,High,App,Home,Beds,Serta,Perfect Sleeper,941.0,750.0,1.0,1.96,941.0,12.0,179.0,Credit Card,4.0
2023-05-06,36-45,FL,Other,Middle,App,Beauty,Makeup,Maybelline,Lash Sensational Mascara,19.0,10.0,4.0,1.49,75.0,6.0,29.0,Digital Wallet,5.0
2023-05-06,56-65,MI,Other,Middle,Email,Clothing,Jeans,Wrangler,Authentics,50.0,30.0,3.0,1.26,149.0,9.0,50.0,Credit Card,5.0
2023-05-06,26-35,CA,Female,Low,App,Beauty,Makeup,Maybelline,Lash Sensational Mascara,15.0,10.0,6.0,1.46,92.0,4.0,28.0,Digital Wallet,7.0
2023-05-06,46-55,CA,Other,Middle,Organic,Clothing,T-Shirts,Adidas,Essentials,56.0,35.0,3.0,2.0,167.0,4.0,58.0,BNPL,4.0
2023-05-06,46-55,NC,Female,Low,App,Home,Beds,Tempur-Pedic,Contour Elite,2170.0,1700.0,2.0,1.02,4341.0,30.0,910.0,BNPL,7.0
2023-05-06,36-45,TX,Female,Middle,Affiliates,Clothing,Jeans,Levis,501 Original,81.0,60.0,2.0,1.23,163.0,5.0,38.0,Debit Card,4.0
2023-05-06,46-55,MI,Male,Low,Others,Beauty,Makeup,Revlon,PhotoReady Concealer,19.0,12.0,3.0,0.88,57.0,6.0,15.0,Debit Card,5.0
2023-05-06,18-25,PA,Female,High,App,Clothing,Jeans,Wrangler,Authentics,47.0,30.0,2.0,1.79,94.0,7.0,28.0,Digital Wallet,4.0
2023-05-06,56-65,FL,Male,High,Organic,Clothing,Jeans,Wrangler,Authentics,46.0,30.0,1.0,0.52,46.0,5.0,11.0,BNPL,3.0
2023-05-06,36-45,NY,Other,Middle,Email,Clothing,T-Shirts,Adidas,Performance,72.0,45.0,5.0,1.85,360.0,11.0,123.0,Debit Card,6.0
2023-05-06,26-35,NY,Female,Low,Email,Home,Beds,Serta,iComfort,2394.0,1900.0,1.0,0.71,2394.0,17.0,477.0,Digital Wallet,4.0
2023-05-06,56-65,TX,Female,Middle,Others,Clothing,Jeans,Levis,501 Original,88.0,60.0,1.0,1.29,88.0,4.0,24.0,Digital Wallet,3.0
2023-05-06,56-65,FL,Male,High,Email,Electronics,Smartphones,Apple,iPhone 14,1027.0,700.0,1.0,1.29,1027.0,8.0,318.0,Digital Wallet,4.0
2023-05-06,46-55,NC,Female,Low,Email,Home,Furniture,IKEA,Billy Bookcase,144.0,100.0,1.0,1.76,144.0,16.0,28.0,Credit Card,6.0
2023-05-06,46-55,TX,Female,Middle,Organic,Clothing,Jeans,Levis,Bootcut,116.0,100.0,2.0,1.79,232.0,5.0,26.0,Digital Wallet,4.0
2023-05-06,26-35,FL,Female,Middle,Organic,Beauty,Makeup,Maybelline,Fit Me Foundation,20.0,15.0,6.0,1.38,121.0,7.0,25.0,BNPL,5.0
2023-05-06,26-35,NC,Other,Middle,Affiliates,Clothing,Jeans,Levis,501 Original,78.0,60.0,2.0,0.94,156.0,9.0,27.0,Debit Card,5.0
2023-05-06,36-45,IL,Female,Middle,Organic,Electronics,Smartphones,Apple,iPhone 15,1122.0,800.0,3.0,1.45,3366.0,19.0,947.0,BNPL,8.0
2023-05-06,26-35,OH,Female,Low,App,Electronics,Smartphones,Apple,iPhone SE,646.0,400.0,1.0,1.82,646.0,8.0,239.0,BNPL,5.0
2023-05-06,46-55,MI,Female,High,App,Electronics,Smartphones,Apple,iPhone 15,1134.0,800.0,1.0,1.94,1134.0,10.0,324.0,Credit Card,3.0
2023-05-06,18-25,GA,Other,Middle,Organic,Beauty,Makeup,Maybelline,Fit Me Foundation,17.0,15.0,1.0,1.32,17.0,3.0,-1.0,Credit Card,5.0
2023-05-06,18-25,MI,Male,High,App,Home,Beds,Tempur-Pedic,Cloud Supreme,2122.0,1800.0,1.0,1.81,2122.0,17.0,306.0,Debit Card,16.0
2023-05-06,18-25,FL,Female,Middle,PPC,Clothing,Jeans,Levis,501 Original,85.0,60.0,2.0,1.55,169.0,6.0,43.0,Digital Wallet,4.0
2023-05-06,26-35,TX,Male,Middle,App,Beauty,Makeup,Maybelline,Fit Me Foundation,24.0,15.0,5.0,0.92,119.0,5.0,38.0,Debit Card,5.0
2023-05-06,46-55,OH,Male,Low,Email,Clothing,T-Shirts,Adidas,Performance,73.0,45.0,4.0,1.82,291.0,8.0,104.0,Credit Card,4.0
2023-05-06,66+,TX,Other,Middle,Organic,Electronics,Smartphones,Samsung,Galaxy A32,363.0,250.0,2.0,1.13,727.0,12.0,215.0,Debit Card,5.0
2023-05-06,36-45,GA,Female,Middle,Affiliates,Home,Furniture,IKEA,Billy Bookcase,150.0,100.0,2.0,0.91,301.0,21.0,79.0,BNPL,5.0
2023-05-06,66+,IL,Female,Middle,App,Electronics,Smartphones,Apple,iPhone SE,624.0,400.0,2.0,1.51,1249.0,14.0,435.0,Credit Card,11.0
2023-05-06,36-45,TX,Male,High,App,Clothing,T-Shirts,Nike,Sportswear,46.0,25.0,3.0,0.58,137.0,6.0,56.0,Digital Wallet,4.0
2023-05-06,46-55,PA,Female,High,App,Beauty,Makeup,Maybelline,Fit Me Foundation,21.0,15.0,1.0,1.68,21.0,4.0,2.0,Digital Wallet,5.0
2023-05-06,46-55,NC,Female,Middle,Organic,Beauty,Skincare,Neutrogena,Oil-Free Acne Wash,19.0,15.0,1.0,1.28,19.0,7.0,-3.0,BNPL,3.0
2023-05-06,18-25,NC,Female,Middle,PPC,Clothing,Jeans,Levis,501 Original,77.0,60.0,1.0,1.88,77.0,8.0,9.0,Digital Wallet,5.0
2023-05-06,46-55,PA,Other,High,Affiliates,Beauty,Skincare,Neutrogena,Rapid Wrinkle Repair,38.0,20.0,1.0,1.12,38.0,4.0,14.0,Debit Card,4.0
2023-05-06,36-45,FL,Other,High,PPC,Beauty,Makeup,Maybelline,Fit Me Foundation,16.0,15.0,5.0,1.67,81.0,6.0,-0.0,BNPL,7.0
2023-05-06,56-65,OH,Male,Middle,Email,Home,Beds,Serta,Perfect Sleeper,933.0,750.0,1.0,1.32,933.0,15.0,169.0,BNPL,3.0
2023-05-06,46-55,PA,Female,Middle,App,Home,Beds,Tempur-Pedic,Contour Elite,2032.0,1700.0,2.0,1.22,4064.0,28.0,637.0,Digital Wallet,5.0
2023-05-06,36-45,TX,Female,Middle,Organic,Beauty,Makeup,Maybelline,Lash Sensational Mascara,13.0,10.0,6.0,1.13,80.0,6.0,14.0,Digital Wallet,5.0
2023-05-06,56-65,TX,Other,Middle,Affiliates,Home,Furniture,IKEA,Billy Bookcase,124.0,100.0,2.0,1.92,248.0,22.0,26.0,Digital Wallet,8.0
2023-05-06,26-35,FL,Female,Low,Email,Electronics,Smartphones,Samsung,Galaxy S21,701.0,500.0,1.0,1.15,701.0,8.0,192.0,Credit Card,4.0
2023-05-06,26-35,CA,Female,Middle,Others,Clothing,T-Shirts,Nike,Sportswear,41.0,25.0,5.0,1.54,204.0,6.0,73.0,Credit Card,4.0
2023-05-06,18-25,GA,Female,High,Others,Clothing,T-Shirts,Nike,Pro,56.0,30.0,4.0,1.23,222.0,6.0,96.0,BNPL,6.0
2023-05-06,18-25,NY,Male,High,App,Electronics,Laptops,HP,Pavilion,783.0,600.0,1.0,0.84,783.0,13.0,170.0,Credit Card,4.0
2023-05-06,46-55,IL,Male,Low,Others,Clothing,Jeans,Wrangler,Authentics,52.0,30.0,3.0,1.45,157.0,9.0,58.0,Credit Card,5.0
2023-05-06,56-65,NY,Male,Low,App,Home,Furniture,IKEA,Billy Bookcase,164.0,100.0,2.0,1.75,327.0,25.0,102.0,Digital Wallet,7.0
2023-05-06,18-25,CA,Male,Middle,Organic,Clothing,Jeans,Levis,Bootcut,115.0,100.0,3.0,0.69,344.0,5.0,39.0,BNPL,5.0
2023-05-06,46-55,CA,Other,Low,Organic,Clothing,T-Shirts,Nike,Pro,57.0,30.0,5.0,1.83,284.0,6.0,128.0,Debit Card,5.0
2023-05-06,36-45,CA,Male,Middle,PPC,Beauty,Skincare,Neutrogena,Hydro Boost Gel,28.0,20.0,7.0,1.39,193.0,5.0,48.0,Digital Wallet,7.0
2023-05-06,66+,IL,Male,High,PPC,Beauty,Skincare,Neutrogena,Oil-Free Acne Wash,21.0,15.0,2.0,0.57,42.0,6.0,6.0,Credit Card,3.0
2023-05-06,36-45,NY,Male,Middle,Email,Clothing,Jeans,Levis,Slim Fit,70.0,50.0,1.0,1.08,70.0,7.0,13.0,Credit Card,3.0
2023-05-06,36-45,TX,Female,Middle,PPC,Beauty,Skincare,Neutrogena,Rapid Wrinkle Repair,34.0,20.0,4.0,1.9,135.0,5.0,50.0,Digital Wallet,4.0
2023-05-06,56-65,CA,Male,Low,Email,Beauty,Makeup,Maybelline,Fit Me Foundation,19.0,15.0,5.0,1.03,94.0,3.0,16.0,Digital Wallet,4.0
2023-05-06,26-35,FL,Other,Low,App,Home,Furniture,IKEA,Billy Bookcase,143.0,100.0,1.0,0.85,143.0,13.0,30.0,Digital Wallet,6.0
2023-05-06,56-65,TX,Male,Low,Organic,Home,Furniture,IKEA,Billy Bookcase,137.0,100.0,14.0,1.38,1912.0,142.0,370.0,Digital Wallet,11.0
2023-05-06,56-65,NY,Other,Middle,Organic,Home,Furniture,IKEA,Billy Bookcase,161.0,100.0,2.0,1.79,322.0,25.0,97.0,Digital Wallet,7.0
2023-05-06,46-55,OH,Female,High,Organic,Home,Furniture,Ashley Furniture,Dining Table,354.0,200.0,1.0,0.81,354.0,13.0,141.0,Debit Card,6.0
2023-05-06,56-65,CA,Female,Low,Organic,Clothing,Jeans,Levis,Bootcut,125.0,100.0,1.0,1.25,125.0,3.0,22.0,Credit Card,2.0
2023-05-06,46-55,TX,Male,High,Others,Electronics,Smartphones,Apple,iPhone 15,1081.0,800.0,3.0,1.21,3242.0,17.0,825.0,Credit Card,4.0
2023-05-06,56-65,CA,Male,Low,Affiliates,Beauty,Skincare,Neutrogena,Hydro Boost Gel,23.0,20.0,2.0,1.25,46.0,3.0,3.0,Credit Card,3.0
2023-05-06,56-65,NY,Other,Middle,Organic,Clothing,Jeans,Levis,Bootcut,117.0,100.0,1.0,1.95,117.0,7.0,10.0,Debit Card,3.0
2023-05-06,56-65,NC,Other,Middle,Email,Clothing,T-Shirts,Adidas,Performance,59.0,45.0,1.0,1.43,59.0,7.0,7.0,BNPL,4.0
2023-05-06,66+,GA,Female,Low,Email,Clothing,T-Shirts,Nike,Dry-FIT,24.0,20.0,2.0,1.42,49.0,4.0,5.0,Debit Card,6.0
2023-05-06,56-65,TX,Male,Low,PPC,Clothing,T-Shirts,Nike,Dry-FIT,27.0,20.0,2.0,0.63,54.0,5.0,10.0,Credit Card,4.0
2023-05-06,56-65,CA,Female,High,Organic,Electronics,Laptops,Apple Laptop,MacBook Pro M3,1905.0,1500.0,1.0,0.58,1905.0,8.0,397.0,Debit Card,4.0
2023-05-06,26-35,CA,Male,Middle,Organic,Electronics,Laptops,Apple Laptop,MacBook Air M2,1287.0,1000.0,1.0,1.56,1287.0,8.0,279.0,Debit Card,2.0
2023-05-06,36-45,PA,Female,Low,Organic,Clothing,Jeans,Levis,Slim Fit,78.0,50.0,1.0,1.16,78.0,5.0,23.0,Credit Card,5.0
2023-05-06,36-45,FL,Male,Middle,App,Beauty,Skincare,Neutrogena,Oil-Free Acne Wash,22.0,15.0,1.0,1.81,22.0,4.0,3.0,Credit Card,2.0
2023-05-06,46-55,MI,Other,Middle,App,Beauty,Skincare,Neutrogena,Oil-Free Acne Wash,21.0,15.0,1.0,1.68,21.0,5.0,1.0,Digital Wallet,3.0
2023-05-06,26-35,PA,Other,Low,Affiliates,Clothing,Jeans,Levis,Bootcut,113.0,100.0,2.0,0.54,226.0,7.0,19.0,Credit Card,5.0
2023-05-06,26-35,PA,Other,Middle,Others,Clothing,T-Shirts,Nike,Dry-FIT,30.0,20.0,4.0,1.91,121.0,9.0,33.0,BNPL,3.0
2023-05-06,66+,OH,Male,High,App,Beauty,Skincare,Neutrogena,Hydro Boost Gel,19.0,20.0,1.0,1.27,19.0,3.0,-5.0,Credit Card,4.0
2023-05-06,26-35,CA,Male,Low,App,Home,Furniture,IKEA,Billy Bookcase,132.0,100.0,13.0,1.81,1712.0,130.0,281.0,Debit Card,9.0
2023-05-06,26-35,FL,Male,High,Organic,Beauty,Makeup,Maybelline,Lash Sensational Mascara,16.0,10.0,9.0,1.39,147.0,9.0,49.0,Credit Card,8.0
2023-05-06,18-25,PA,Female,Low,App,Beauty,Skincare,Neutrogena,Rapid Wrinkle Repair,25.0,20.0,1.0,1.4,25.0,4.0,1.0,Credit Card,4.0
2023-05-06,56-65,TX,Male,Low,Affiliates,Electronics,Smartphones,Samsung,Galaxy Z Fold 5,1857.0,1500.0,1.0,1.59,1857.0,7.0,350.0,Digital Wallet,3.0
2023-05-06,36-45,NY,Male,Middle,Organic,Beauty,Makeup,Maybelline,Fit Me Foundation,20.0,15.0,4.0,1.67,79.0,8.0,12.0,Credit Card,5.0
2023-05-06,36-45,PA,Male,High,PPC,Clothing,Jeans,Levis,501 Original,83.0,60.0,3.0,1.61,248.0,8.0,60.0,Debit Card,4.0
2023-05-06,56-65,IL,Male,Middle,Others,Clothing,Jeans,Levis,Bootcut,121.0,100.0,2.0,1.68,242.0,7.0,35.0,Credit Card,3.0
2023-05-06,26-35,NY,Male,High,Others,Clothing,T-Shirts,Nike,Pro,52.0,30.0,2.0,1.68,103.0,8.0,35.0,Debit Card,4.0
2023-05-06,66+,IL,Female,High,Email,Electronics,Laptops,HP,Pavilion,791.0,600.0,4.0,0.79,3165.0,36.0,728.0,Debit Card,7.0
2023-05-06,36-45,CA,Male,Middle,Others,Clothing,Jeans,Wrangler,Regular Fit,63.0,35.0,2.0,1.88,126.0,3.0,53.0,Credit Card,5.0
2023-05-06,26-35,PA,Other,Low,Organic,Home,Beds,Tempur-Pedic,Contour Elite,2034.0,1700.0,1.0,0.8,2034.0,16.0,318.0,Credit Card,7.0
2023-05-06,18-25,CA,Female,High,Email,Beauty,Makeup,Revlon,ColorStay Lipstick,24.0,15.0,4.0,1.7,98.0,3.0,35.0,Digital Wallet,4.0
2023-05-06,26-35,MI,Other,High,App,Clothing,Jeans,Wrangler,Authentics,52.0,30.0,3.0,1.94,156.0,9.0,57.0,Digital Wallet,4.0
2023-05-06,46-55,OH,Other,High,Others,Electronics,Smartphones,Samsung,Galaxy A32,320.0,250.0,2.0,1.94,639.0,13.0,127.0,Digital Wallet,4.0
2023-05-06,56-65,NY,Female,High,Organic,Beauty,Skincare,Neutrogena,Hydro Boost Gel,26.0,20.0,2.0,0.61,52.0,7.0,5.0,Credit Card,4.0
2023-05-06,66+,CA,Female,Middle,Others,Electronics,Smartphones,Apple,iPhone 15,1111.0,800.0,1.0,1.73,1111.0,5.0,306.0,Credit Card,3.0
2023-05-06,26-35,CA,Male,High,Organic,Electronics,Smartphones,Samsung,Galaxy A32,374.0,250.0,2.0,1.59,749.0,10.0,239.0,Credit Card,3.0
2023-05-06,46-55,CA,Female,Middle,Others,Electronics,Smartphones,Samsung,Galaxy A32,353.0,250.0,1.0,1.45,353.0,5.0,98.0,BNPL,4.0
2023-05-06,18-25,CA,Female,High,Others,Electronics,Smartphones,Samsung,Galaxy S21,860.0,500.0,3.0,0.53,2579.0,15.0,1064.0,Debit Card,3.0
2023-05-06,36-45,TX,Male,Low,Affiliates,Beauty,Skincare,Neutrogena,Hydro Boost Gel,22.0,20.0,4.0,0.94,87.0,5.0,2.0,Digital Wallet,6.0
2023-05-06,36-45,OH,Female,Low,Others,Clothing,T-Shirts,Nike,Sportswear,40.0,25.0,1.0,1.12,40.0,4.0,12.0,Credit Card,3.0
2023-05-06,66+,TX,Female,Middle,Others,Clothing,Jeans,Levis,Bootcut,118.0,100.0,2.0,1.86,235.0,5.0,30.0,Debit Card,4.0
2023-05-06,26-35,CA,Other,Middle,App,Electronics,Smartphones,Apple,iPhone 14,1029.0,700.0,3.0,0.89,3087.0,15.0,972.0,BNPL,3.0
2023-05-06,36-45,TX,Female,Middle,Organic,Clothing,T-Shirts,Nike,Dry-FIT,33.0,20.0,1.0,0.57,33.0,3.0,9.0,Digital Wallet,3.0
2023-05-06,26-35,PA,Other,Middle,Email,Clothing,T-Shirts,Nike,Pro,53.0,30.0,3.0,1.11,159.0,7.0,62.0,Debit Card,5.0
2023-05-06,36-45,PA,Male,Middle,Others,Clothing,Jeans,Levis,501 Original,83.0,60.0,1.0,1.25,83.0,5.0,18.0,Digital Wallet,5.0
2023-05-06,66+,NC,Female,High,Organic,Clothing,Jeans,Levis,Slim Fit,70.0,50.0,8.0,1.78,561.0,18.0,143.0,Credit Card,7.0
2023-05-06,36-45,PA,Male,Low,Others,Clothing,Jeans,Levis,Bootcut,116.0,100.0,3.0,1.18,348.0,8.0,40.0,Credit Card,5.0
2023-05-06,36-45,NY,Other,Middle,Affiliates,Clothing,Jeans,Wrangler,Authentics,40.0,30.0,1.0,1.54,40.0,7.0,3.0,Credit Card,4.0
2023-05-06,56-65,TX,Female,Low,Organic,Beauty,Makeup,Maybelline,Lash Sensational Mascara,9.0,10.0,1.0,1.87,9.0,3.0,-4.0,Digital Wallet,3.0
2023-05-06,36-45,CA,Male,High,Affiliates,Clothing,T-Shirts,Adidas,Performance,66.0,45.0,2.0,1.1,133.0,3.0,40.0,Digital Wallet,3.0
2023-05-06,56-65,TX,Male,Low,App,Beauty,Makeup,Maybelline,Fit Me Foundation,18.0,15.0,4.0,1.63,74.0,5.0,9.0,Debit Card,4.0
2023-05-06,18-25,IL,Male,High,Organic,Electronics,Smartphones,Apple,iPhone 14,1055.0,700.0,2.0,1.12,2110.0,14.0,696.0,Debit Card,6.0
2023-05-06,56-65,NY,Female,High,Organic,Electronics,Smartphones,Apple,iPhone 14,1024.0,700.0,8.0,0.95,8191.0,45.0,2546.0,Credit Card,9.0
2023-05-06,56-65,MI,Male,High,Affiliates,Beauty,Makeup,Maybelline,Lash Sensational Mascara,16.0,10.0,3.0,1.96,48.0,6.0,12.0,Digital Wallet,4.0
2023-05-06,46-55,FL,Male,High,Organic,Electronics,Smartphones,Apple,iPhone 15,1136.0,800.0,1.0,1.17,1136.0,8.0,328.0,Credit Card,3.0
2023-05-06,26-35,OH,Female,Middle,Others,Electronics,Laptops,Apple Laptop,MacBook Pro M3,1931.0,1500.0,2.0,1.25,3862.0,19.0,843.0,Digital Wallet,5.0
2023-05-06,26-35,MI,Other,Middle,Organic,Home,Beds,Tempur-Pedic,Cloud Supreme,2146.0,1800.0,2.0,1.08,4292.0,29.0,664.0,Debit Card,5.0
2023-05-06,46-55,NY,Female,High,Others,Beauty,Makeup,Revlon,PhotoReady Concealer,19.0,12.0,4.0,0.69,77.0,8.0,21.0,Digital Wallet,5.0
2023-05-06,56-65,PA,Female,High,Organic,Beauty,Skincare,Neutrogena,Hydro Boost Gel,21.0,20.0,3.0,0.5,64.0,6.0,-2.0,Digital Wallet,4.0
2023-05-06,36-45,CA,Male,Middle,Others,Beauty,Skincare,Neutrogena,Rapid Wrinkle Repair,31.0,20.0,4.0,0.59,124.0,3.0,41.0,BNPL,4.0
2023-05-06,26-35,NY,Male,High,Organic,Home,Furniture,IKEA,Billy Bookcase,124.0,100.0,1.0,1.44,124.0,15.0,9.0,Debit Card,6.0
2023-05-06,56-65,CA,Female,High,App,Electronics,Laptops,Apple Laptop,MacBook Pro M3,1880.0,1500.0,1.0,0.76,1880.0,8.0,372.0,Credit Card,2.0
2023-05-06,46-55,PA,Female,Low,App,Clothing,T-Shirts,Adidas,Essentials,36.0,35.0,5.0,1.95,182.0,10.0,-3.0,Credit Card,6.0
2023-05-06,56-65,GA,Male,Low,Email,Clothing,Jeans,Wrangler,Regular Fit,56.0,35.0,3.0,1.75,169.0,6.0,58.0,BNPL,4.0
2023-05-06,26-35,CA,Female,Low,Organic,Clothing,Jeans,Levis,Slim Fit,72.0,50.0,1.0,1.0,72.0,3.0,19.0,Credit Card,3.0
2023-05-06,56-65,TX,Male,Middle,App,Electronics,Laptops,Apple Laptop,MacBook Pro M3,1853.0,1500.0,10.0,0.51,18526.0,82.0,3444.0,BNPL,9.0
2023-05-06,46-55,CA,Female,Low,App,Electronics,Smartphones,Apple,iPhone 14,1019.0,700.0,4.0,1.17,4077.0,20.0,1257.0,BNPL,4.0
2023-05-06,26-35,IL,Female,Middle,Organic,Clothing,Jeans,Levis,501 Original,81.0,60.0,3.0,1.59,242.0,9.0,54.0,Credit Card,3.0
2023-05-06,26-35,NY,Female,Middle,Email,Electronics,Laptops,HP,Envy,917.0,700.0,1.0,1.48,917.0,13.0,204.0,Digital Wallet,5.0
2023-05-06,18-25,OH,Female,Middle,Email,Home,Beds,Tempur-Pedic,Contour Elite,2030.0,1700.0,2.0,1.61,4059.0,27.0,633.0,Digital Wallet,3.0
2023-05-06,46-55,IL,Female,Low,Affiliates,Home,Furniture,IKEA,Billy Bookcase,161.0,100.0,1.0,0.86,161.0,14.0,46.0,Credit Card,5.0
2023-05-06,66+,FL,Other,Middle,Affiliates,Electronics,Smartphones,Apple,iPhone 14,1034.0,700.0,1.0,0.75,1034.0,8.0,326.0,Credit Card,4.0
2023-05-06,18-25,TX,Female,Low,Affiliates,Electronics,Smartphones,Samsung,Galaxy Z Fold 5,1767.0,1500.0,2.0,1.54,3534.0,12.0,522.0,Digital Wallet,5.0
2023-05-06,26-35,OH,Other,Middle,Others,Beauty,Makeup,Revlon,ColorStay Lipstick,21.0,15.0,4.0,0.53,83.0,5.0,18.0,Credit Card,5.0
2023-05-06,18-25,PA,Female,Low,PPC,Home,Furniture,IKEA,Kallax Shelf,83.0,60.0,1.0,0.61,83.0,14.0,10.0,Digital Wallet,5.0
2023-05-06,36-45,CA,Female,Low,Others,Beauty,Makeup,Maybelline,Lash Sensational Mascara,20.0,10.0,6.0,1.26,117.0,4.0,53.0,BNPL,4.0
2023-05-06,36-45,PA,Other,Low,Organic,Electronics,Laptops,Apple Laptop,MacBook Pro M3,1875.0,1500.0,1.0,0.8,1875.0,12.0,363.0,Credit Card,2.0
2023-05-06,18-25,PA,Male,Low,App,Electronics,Smartphones,Samsung,Galaxy Z Fold 5,1819.0,1500.0,3.0,1.44,5456.0,19.0,937.0,Credit Card,5.0
2023-05-06,26-35,CA,Male,Middle,Organic,Electronics,Smartphones,Samsung,Galaxy S21,801.0,500.0,1.0,1.31,801.0,5.0,295.0,Credit Card,2.0
2023-05-06,18-25,PA,Male,High,Organic,Clothing,T-Shirts,Nike,Dry-FIT,23.0,20.0,2.0,0.81,45.0,6.0,-1.0,Digital Wallet,7.0
2023-05-06,36-45,IL,Female,Low,PPC,Clothing,Jeans,Wrangler,Regular Fit,69.0,35.0,2.0,0.81,138.0,7.0,61.0,Credit Card,4.0
2023-05-06,46-55,TX,Male,Low,Affiliates,Electronics,Smartphones,Samsung,Galaxy A32,381.0,250.0,2.0,1.19,762.0,12.0,250.0,Digital Wallet,4.0
2023-05-06,66+,FL,Female,Middle,Organic,Clothing,Jeans,Levis,501 Original,94.0,60.0,3.0,1.28,282.0,8.0,94.0,Debit Card,5.0
2023-05-06,46-55,MI,Male,Middle,Email,Electronics,Laptops,Apple Laptop,MacBook Pro M3,1853.0,1500.0,2.0,0.69,3706.0,21.0,686.0,Debit Card,5.0
2023-05-06,36-45,GA,Male,Middle,PPC,Clothing,T-Shirts,Nike,Sportswear,39.0,25.0,5.0,1.06,193.0,7.0,61.0,Credit Card,6.0
2023-05-06,56-65,TX,Female,Middle,App,Beauty,Makeup,Maybelline,Lash Sensational Mascara,17.0,10.0,5.0,0.86,84.0,5.0,29.0,Digital Wallet,5.0
2023-05-06,46-55,CA,Male,Middle,Others,Beauty,Skincare,Neutrogena,Rapid Wrinkle Repair,26.0,20.0,3.0,1.5,79.0,3.0,16.0,Credit Card,4.0
2023-05-06,56-65,TX,Female,Middle,Organic,Electronics,Laptops,Dell,Inspiron,865.0,600.0,1.0,1.24,865.0,10.0,255.0,Credit Card,5.0
2023-05-06,36-45,PA,Male,Low,Affiliates,Beauty,Makeup,Revlon,ColorStay Lipstick,22.0,15.0,2.0,1.74,44.0,5.0,9.0,Credit Card,4.0
2023-05-06,36-45,FL,Male,Low,App,Electronics,Smartphones,Samsung,Galaxy Z Fold 5,1801.0,1500.0,3.0,1.8,5402.0,18.0,883.0,Digital Wallet,5.0
2023-05-06,66+,MI,Female,Middle,Organic,Clothing,Jeans,Levis,Slim Fit,75.0,50.0,3.0,1.32,224.0,9.0,65.0,Credit Card,5.0
2023-05-06,66+,MI,Female,Middle,Organic,Beauty,Makeup,Maybelline,Fit Me Foundation,24.0,15.0,4.0,1.92,98.0,7.0,31.0,Credit Card,5.0
2023-05-06,36-45,TX,Female,Middle,App,Home,Furniture,IKEA,Kallax Shelf,99.0,60.0,1.0,1.75,99.0,12.0,26.0,Credit Card,4.0
2023-05-06,46-55,CA,Other,Middle,Organic,Electronics,Smartphones,Samsung,Galaxy Z Fold 5,1781.0,1500.0,3.0,0.84,5342.0,15.0,827.0,Digital Wallet,5.0
2023-05-06,26-35,FL,Other,High,Affiliates,Clothing,T-Shirts,Nike,Dry-FIT,33.0,20.0,5.0,1.14,164.0,9.0,55.0,Digital Wallet,6.0
2023-05-06,56-65,CA,Other,Low,Email,Clothing,Jeans,Wrangler,Regular Fit,62.0,35.0,3.0,1.16,185.0,5.0,76.0,Digital Wallet,3.0
2023-05-06,26-35,CA,Female,Low,Email,Clothing,Jeans,Wrangler,Authentics,49.0,30.0,3.0,1.67,146.0,5.0,51.0,Digital Wallet,3.0
2023-05-06,46-55,TX,Other,High,Others,Clothing,T-Shirts,Nike,Dry-FIT,31.0,20.0,4.0,1.36,123.0,7.0,36.0,Digital Wallet,5.0
2023-05-06,36-45,PA,Female,High,Organic,Electronics,Laptops,HP,Envy,930.0,700.0,1.0,1.1,930.0,12.0,218.0,Debit Card,6.0
2023-05-06,56-65,NC,Female,Middle,Affiliates,Beauty,Skincare,Neutrogena,Hydro Boost Gel,25.0,20.0,4.0,0.78,101.0,9.0,12.0,BNPL,5.0
2023-05-06,66+,CA,Other,High,App,Beauty,Skincare,Neutrogena,Oil-Free Acne Wash,21.0,15.0,1.0,1.3,21.0,3.0,3.0,BNPL,3.0
2023-05-06,36-45,FL,Male,Low,PPC,Home,Furniture,Ashley Furniture,Bed Frame,269.0,100.0,1.0,0.86,269.0,13.0,156.0,Credit Card,5.0
2023-05-06,18-25,OH,Male,High,Others,Clothing,T-Shirts,Adidas,Essentials,41.0,35.0,1.0,1.83,41.0,4.0,2.0,Credit Card,4.0
2023-05-06,36-45,CA,Other,Middle,App,Beauty,Makeup,Revlon,ColorStay Lipstick,20.0,15.0,2.0,1.08,39.0,3.0,6.0,Credit Card,4.0
2023-05-06,36-45,NY,Other,Middle,App,Beauty,Skincare,Neutrogena,Oil-Free Acne Wash,20.0,15.0,4.0,2.0,80.0,8.0,12.0,Credit Card,7.0
2023-05-06,18-25,TX,Male,High,PPC,Clothing,T-Shirts,Nike,Pro,46.0,30.0,3.0,1.29,139.0,6.0,44.0,Credit Card,5.0
2023-05-06,26-35,CA,Female,Low,Email,Clothing,T-Shirts,Nike,Sportswear,38.0,25.0,1.0,1.61,38.0,3.0,10.0,Debit Card,3.0
2023-05-06,56-65,CA,Male,Middle,App,Beauty,Skincare,Neutrogena,Hydro Boost Gel,30.0,20.0,4.0,1.88,118.0,3.0,35.0,Digital Wallet,4.0
2023-05-06,66+,FL,Female,Low,App,Clothing,Jeans,Wrangler,Authentics,56.0,30.0,1.0,1.12,56.0,5.0,21.0,Credit Card,4.0
2023-05-06,36-45,PA,Male,Middle,Affiliates,Beauty,Skincare,Neutrogena,Oil-Free Acne Wash,22.0,15.0,2.0,1.47,45.0,5.0,10.0,Debit Card,3.0
2023-05-06,26-35,TX,Other,Middle,Email,Beauty,Skincare,Neutrogena,Hydro Boost Gel,28.0,20.0,1.0,1.97,28.0,3.0,5.0,Digital Wallet,5.0
2023-05-06,26-35,TX,Female,High,Email,Clothing,T-Shirts,Adidas,Performance,55.0,45.0,3.0,1.01,165.0,6.0,25.0,Debit Card,4.0
2023-05-06,26-35,GA,Female,Middle,Organic,Electronics,Laptops,Dell,XPS,1588.0,1300.0,1.0,1.56,1588.0,9.0,279.0,Debit Card,4.0
2023-05-06,36-45,FL,Other,Middle,Affiliates,Home,Furniture,IKEA,Kallax Shelf,93.0,60.0,2.0,1.58,185.0,23.0,42.0,Debit Card,6.0
2023-05-06,46-55,MI,Male,Middle,Organic,Clothing,T-Shirts,Nike,Dry-FIT,27.0,20.0,3.0,1.0,81.0,8.0,12.0,Debit Card,6.0
2023-05-06,46-55,CA,Female,Middle,Others,Beauty,Makeup,Maybelline,Lash Sensational Mascara,14.0,10.0,5.0,1.4,72.0,3.0,19.0,Credit Card,4.0
2023-05-06,46-55,OH,Female,Middle,Others,Electronics,Smartphones,Samsung,Galaxy Z Fold 5,1780.0,1500.0,3.0,1.24,5340.0,18.0,822.0,Credit Card,4.0
2023-05-06,46-55,IL,Male,High,PPC,Beauty,Makeup,Revlon,ColorStay Lipstick,22.0,15.0,2.0,1.23,44.0,5.0,9.0,Digital Wallet,4.0
2023-05-06,26-35,PA,Other,Middle,App,Beauty,Makeup,Maybelline,Fit Me Foundation,19.0,15.0,6.0,1.44,116.0,7.0,18.0,Digital Wallet,6.0
2023-05-06,18-25,IL,Male,Low,App,Home,Beds,Tempur-Pedic,Cloud Supreme,2090.0,1800.0,2.0,1.89,4181.0,28.0,553.0,BNPL,5.0
2023-05-06,66+,NC,Male,Middle,Affiliates,Electronics,Smartphones,Samsung,Galaxy A32,326.0,250.0,1.0,1.44,326.0,11.0,64.0,Debit Card,5.0
2023-05-06,66+,PA,Male,Middle,App,Electronics,Smartphones,Apple,iPhone 15,1168.0,800.0,2.0,1.23,2337.0,14.0,723.0,Credit Card,6.0
2023-05-06,26-35,OH,Male,Middle,Affiliates,Home,Beds,Serta,Perfect Sleeper,957.0,750.0,2.0,1.67,1915.0,27.0,388.0,Credit Card,5.0
2023-05-06,26-35,TX,Female,Middle,Email,Beauty,Makeup,Maybelline,Fit Me Foundation,24.0,15.0,4.0,1.85,94.0,5.0,30.0,Credit Card,4.0
2023-05-06,18-25,MI,Male,Low,Organic,Beauty,Skincare,Neutrogena,Oil-Free Acne Wash,19.0,15.0,3.0,0.92,56.0,7.0,4.0,Digital Wallet,4.0
2023-05-06,26-35,NC,Male,Middle,Others,Beauty,Makeup,Revlon,ColorStay Lipstick,20.0,15.0,5.0,1.1,99.0,9.0,14.0,Credit Card,5.0
2023-05-06,46-55,PA,Male,High,App,Beauty,Makeup,Maybelline,Lash Sensational Mascara,17.0,10.0,1.0,0.53,17.0,4.0,3.0,Digital Wallet,2.0
2023-05-06,36-45,NY,Female,Middle,PPC,Home,Furniture,IKEA,Kallax Shelf,81.0,60.0,9.0,1.42,731.0,95.0,96.0,Digital Wallet,8.0
2023-05-06,56-65,GA,Female,Middle,Organic,Home,Beds,Tempur-Pedic,Cloud Supreme,2116.0,1800.0,2.0,1.7,4232.0,25.0,607.0,Credit Card,4.0
2023-05-06,36-45,NY,Female,High,App,Electronics,Smartphones,Apple,iPhone 15,1135.0,800.0,1.0,0.9,1135.0,10.0,325.0,Debit Card,5.0
2023-05-06,46-55,NY,Male,Low,App,Electronics,Laptops,Dell,Inspiron,777.0,600.0,1.0,0.78,777.0,13.0,164.0,Digital Wallet,9.0
2023-05-06,46-55,IL,Female,Middle,Organic,Clothing,T-Shirts,Nike,Sportswear,38.0,25.0,3.0,0.75,114.0,8.0,32.0,Debit Card,7.0
2023-05-06,66+,CA,Male,Low,Email,Home,Furniture,IKEA,Billy Bookcase,147.0,100.0,1.0,1.09,147.0,10.0,37.0,Digital Wallet,3.0
2023-05-06,66+,OH,Male,High,App,Electronics,Laptops,Apple Laptop,MacBook Pro M3,1922.0,1500.0,2.0,1.41,3844.0,19.0,825.0,Credit Card,9.0
2023-05-06,18-25,TX,Male,Middle,Organic,Clothing,T-Shirts,Adidas,Performance,62.0,45.0,4.0,1.3,250.0,7.0,63.0,Digital Wallet,5.0
2023-05-06,26-35,NY,Male,High,Email,Home,Beds,Tempur-Pedic,Contour Elite,1981.0,1700.0,2.0,1.59,3961.0,29.0,532.0,Debit Card,6.0
2023-05-06,36-45,CA,Female,Middle,Affiliates,Home,Beds,Tempur-Pedic,Contour Elite,1906.0,1700.0,1.0,1.88,1906.0,12.0,193.0,Debit Card,3.0
2023-05-06,46-55,PA,Female,Middle,Organic,Home,Furniture,IKEA,Billy Bookcase,159.0,100.0,2.0,1.94,318.0,24.0,94.0,Debit Card,6.0
2023-05-06,18-25,PA,Other,Middle,App,Electronics,Smartphones,Apple,iPhone 15,1088.0,800.0,2.0,1.65,2175.0,14.0,561.0,Debit Card,4.0
2023-05-06,18-25,FL,Female,Low,App,Electronics,Laptops,HP,Pavilion,801.0,600.0,1.0,1.31,801.0,11.0,190.0,Credit Card,4.0
2023-05-06,46-55,FL,Male,Middle,Organic,Clothing,Jeans,Wrangler,Authentics,44.0,30.0,3.0,1.16,132.0,8.0,34.0,Credit Card,3.0
2023-05-06,66+,MI,Male,Middle,Others,Clothing,Jeans,Levis,501 Original,88.0,60.0,1.0,1.56,88.0,6.0,22.0,Credit Card,4.0
2023-05-06,18-25,IL,Male,Low,Organic,Clothing,Jeans,Wrangler,Authentics,50.0,30.0,2.0,1.09,100.0,7.0,33.0,Credit Card,4.0
2023-05-06,36-45,CA,Female,Low,Email,Clothing,Jeans,Wrangler,Authentics,38.0,30.0,3.0,1.37,113.0,5.0,18.0,Digital Wallet,4.0
2023-05-06,18-25,TX,Male,Middle,App,Clothing,Jeans,Levis,501 Original,86.0,60.0,1.0,1.57,86.0,4.0,22.0,Digital Wallet,4.0
2023-05-06,46-55,GA,Female,High,Affiliates,Electronics,Smartphones,Samsung,Galaxy S21,766.0,500.0,2.0,1.19,1532.0,11.0,521.0,Debit Card,5.0
2023-05-06,66+,CA,Male,High,Organic,Home,Furniture,IKEA,Kallax Shelf,62.0,60.0,2.0,0.76,125.0,20.0,-15.0,Credit Card,4.0
2023-05-06,56-65,CA,Female,High,Email,Beauty,Makeup,Revlon,ColorStay Lipstick,21.0,15.0,6.0,1.57,129.0,4.0,35.0,Debit Card,4.0
2023-05-06,66+,TX,Male,Low,Affiliates,Electronics,Smartphones,Apple,iPhone 15,1132.0,800.0,1.0,1.09,1132.0,7.0,325.0,Credit Card,4.0
2023-05-06,18-25,CA,Male,Middle,Others,Beauty,Makeup,Maybelline,Lash Sensational Mascara,10.0,10.0,6.0,1.13,60.0,4.0,-3.0,Digital Wallet,5.0
2023-05-06,66+,CA,Male,High,Organic,Beauty,Skincare,Neutrogena,Rapid Wrinkle Repair,26.0,20.0,4.0,1.28,106.0,3.0,23.0,Debit Card,6.0
2023-05-06,36-45,PA,Other,Low,App,Clothing,Jeans,Wrangler,Authentics,50.0,30.0,1.0,0.81,50.0,5.0,15.0,BNPL,3.0
2023-05-06,56-65,NC,Male,Middle,App,Beauty,Makeup,Maybelline,Fit Me Foundation,17.0,15.0,4.0,1.01,67.0,9.0,-2.0,Digital Wallet,7.0
2023-05-06,26-35,CA,Female,Middle,Organic,Clothing,T-Shirts,Nike,Sportswear,42.0,25.0,4.0,1.2,168.0,5.0,63.0,Credit Card,3.0
2023-05-06,26-35,MI,Female,Middle,PPC,Home,Beds,Tempur-Pedic,Cloud Supreme,2173.0,1800.0,2.0,0.5,4345.0,29.0,717.0,Digital Wallet,6.0
2023-05-06,66+,PA,Other,High,PPC,Clothing,Jeans,Levis,Bootcut,131.0,100.0,2.0,1.93,261.0,7.0,55.0,Credit Card,4.0
2023-05-06,56-65,NY,Male,Middle,Others,Beauty,Skincare,Neutrogena,Hydro Boost Gel,25.0,20.0,4.0,1.29,99.0,8.0,11.0,Credit Card,6.0
2023-05-06,26-35,IL,Male,Low,Email,Home,Furniture,Ashley Furniture,Sofa,479.0,300.0,1.0,1.44,479.0,14.0,165.0,Debit Card,5.0
2023-05-06,46-55,OH,Female,Low,Organic,Beauty,Makeup,Maybelline,Lash Sensational Mascara,14.0,10.0,4.0,0.77,57.0,5.0,12.0,Digital Wallet,5.0
2023-05-06,36-45,NC,Other,Middle,Affiliates,Beauty,Makeup,Maybelline,Fit Me Foundation,20.0,15.0,5.0,1.24,99.0,9.0,15.0,Digital Wallet,6.0
2023-05-06,18-25,OH,Female,High,Email,Clothing,T-Shirts,Nike,Dry-FIT,19.0,20.0,1.0,1.13,19.0,4.0,-5.0,BNPL,4.0
2023-05-06,36-45,NC,Female,Middle,App,Electronics,Smartphones,Samsung,Galaxy A32,300.0,250.0,3.0,1.94,900.0,21.0,129.0,Debit Card,4.0
2023-05-06,46-55,MI,Male,Low,App,Home,Furniture,IKEA,Kallax Shelf,82.0,60.0,2.0,0.52,163.0,25.0,19.0,Digital Wallet,16.0
2023-05-06,66+,NY,Male,Middle,App,Beauty,Makeup,Revlon,ColorStay Lipstick,20.0,15.0,6.0,0.51,118.0,9.0,20.0,Credit Card,6.0
2023-05-06,26-35,TX,Female,Middle,Organic,Electronics,Laptops,HP,Envy,983.0,700.0,2.0,1.38,1966.0,18.0,548.0,Credit Card,4.0
2023-05-06,26-35,TX,Female,Middle,Organic,Home,Furniture,IKEA,Kallax Shelf,75.0,60.0,2.0,1.54,151.0,22.0,9.0,Credit Card,5.0
2023-05-06,46-55,PA,Male,Low,App,Clothing,T-Shirts,Nike,Sportswear,42.0,25.0,1.0,1.8,42.0,5.0,12.0,BNPL,3.0
2023-05-06,46-55,CA,Other,Middle,Organic,Beauty,Skincare,Neutrogena,Oil-Free Acne Wash,21.0,15.0,3.0,1.63,62.0,3.0,14.0,Digital Wallet,4.0
2023-05-06,46-55,FL,Other,Low,PPC,Home,Beds,Tempur-Pedic,Contour Elite,2041.0,1700.0,2.0,1.19,4081.0,27.0,654.0,BNPL,4.0
2023-05-06,26-35,NY,Male,Low,Others,Clothing,Jeans,Levis,Slim Fit,80.0,50.0,3.0,0.74,240.0,10.0,80.0,Credit Card,5.0
2023-05-06,18-25,IL,Male,Middle,Organic,Beauty,Makeup,Maybelline,Lash Sensational Mascara,18.0,10.0,1.0,0.89,18.0,5.0,3.0,Credit Card,5.0
2023-05-06,18-25,CA,Male,Middle,Organic,Beauty,Makeup,Maybelline,Fit Me Foundation,24.0,15.0,2.0,1.56,47.0,3.0,14.0,Credit Card,3.0
2023-05-06,56-65,PA,Male,Middle,App,Home,Beds,Serta,iComfort,2260.0,1900.0,1.0,0.91,2260.0,16.0,345.0,Credit Card,6.0
2023-05-06,18-25,TX,Female,Middle,Organic,Clothing,Jeans,Wrangler,Authentics,45.0,30.0,2.0,1.57,90.0,5.0,24.0,Digital Wallet,5.0
2023-05-06,26-35,CA,Female,Low,Organic,Electronics,Laptops,Dell,XPS,1597.0,1300.0,1.0,1.41,1597.0,8.0,289.0,BNPL,6.0
2023-05-06,66+,CA,Male,Middle,Others,Home,Furniture,IKEA,Billy Bookcase,167.0,100.0,1.0,0.81,167.0,10.0,57.0,Debit Card,4.0
2023-05-06,18-25,OH,Female,Middle,Organic,Clothing,T-Shirts,Adidas,Performance,63.0,45.0,5.0,1.99,317.0,9.0,83.0,Debit Card,6.0
2023-05-06,26-35,OH,Male,Middle,Email,Clothing,Jeans,Levis,501 Original,80.0,60.0,2.0,0.63,160.0,6.0,34.0,Digital Wallet,5.0
2023-05-06,66+,MI,Male,Middle,App,Home,Furniture,IKEA,Billy Bookcase,154.0,100.0,2.0,0.98,308.0,25.0,84.0,Digital Wallet,5.0
2023-05-06,18-25,PA,Female,Low,App,Home,Furniture,Ashley Furniture,Sofa,415.0,300.0,2.0,1.15,830.0,24.0,207.0,Credit Card,6.0
2023-05-06,26-35,NC,Female,Middle,Email,Beauty,Makeup,Maybelline,Fit Me Foundation,20.0,15.0,3.0,1.68,59.0,8.0,6.0,Digital Wallet,4.0
2023-05-06,46-55,TX,Female,Low,Organic,Clothing,Jeans,Wrangler,Authentics,52.0,30.0,3.0,0.83,157.0,7.0,60.0,Digital Wallet,5.0
2023-05-06,56-65,GA,Male,Low,App,Beauty,Makeup,Revlon,PhotoReady Concealer,18.0,12.0,4.0,1.21,73.0,4.0,21.0,Credit Card,7.0
2023-05-06,18-25,TX,Male,Low,Organic,Clothing,Jeans,Wrangler,Authentics,58.0,30.0,1.0,1.76,58.0,4.0,25.0,Credit Card,2.0
2023-05-06,66+,CA,Male,Middle,App,Clothing,Jeans,Levis,501 Original,85.0,60.0,3.0,1.64,256.0,5.0,72.0,Credit Card,4.0
2023-05-06,26-35,CA,Male,Middle,Others,Beauty,Makeup,Maybelline,Fit Me Foundation,17.0,15.0,6.0,1.44,101.0,4.0,7.0,Digital Wallet,5.0
2023-05-06,66+,IL,Female,Middle,Others,Electronics,Smartphones,Samsung,Galaxy S21,812.0,500.0,2.0,1.34,1623.0,14.0,609.0,Digital Wallet,4.0
2023-05-06,46-55,MI,Female,Middle,Organic,Electronics,Smartphones,Apple,iPhone 15,1140.0,800.0,2.0,1.72,2280.0,15.0,665.0,Digital Wallet,4.0
2023-05-06,36-45,FL,Other,Middle,PPC,Home,Furniture,IKEA,Billy Bookcase,156.0,100.0,1.0,1.82,156.0,13.0,42.0,Digital Wallet,6.0
2023-05-06,36-45,OH,Male,Low,Affiliates,Electronics,Smartphones,Samsung,Galaxy S21,833.0,500.0,1.0,1.92,833.0,8.0,326.0,Digital Wallet,4.0
2023-05-06,26-35,PA,Female,Middle,Email,Home,Furniture,IKEA,Billy Bookcase,140.0,100.0,2.0,1.86,280.0,24.0,57.0,Digital Wallet,6.0
2023-05-06,56-65,PA,Female,Middle,Organic,Electronics,Smartphones,Samsung,Galaxy Z Fold 5,1817.0,1500.0,1.0,1.9,1817.0,9.0,308.0,Credit Card,3.0
2023-05-06,56-65,TX,Female,Middle,Organic,Clothing,Jeans,Levis,Slim Fit,68.0,50.0,1.0,1.02,68.0,4.0,14.0,Credit Card,6.0
2023-05-06,26-35,IL,Female,Middle,Organic,Home,Beds,Tempur-Pedic,Cloud Supreme,2212.0,1800.0,2.0,1.23,4423.0,28.0,795.0,BNPL,5.0
2023-05-06,26-35,PA,Female,Middle,Organic,Electronics,Smartphones,Samsung,Galaxy Z Fold 5,1849.0,1500.0,2.0,1.19,3699.0,14.0,685.0,Digital Wallet,4.0
2023-05-06,26-35,NY,Other,Low,Email,Electronics,Smartphones,Apple,iPhone 15,1084.0,800.0,2.0,1.03,2169.0,15.0,554.0,Debit Card,5.0
2023-05-06,46-55,IL,Other,Middle,Others,Beauty,Makeup,Revlon,PhotoReady Concealer,19.0,12.0,5.0,1.15,93.0,7.0,26.0,Debit Card,7.0
2023-05-06,36-45,CA,Female,Middle,Organic,Home,Furniture,IKEA,Billy Bookcase,165.0,100.0,1.0,1.81,165.0,10.0,55.0,Credit Card,4.0
2023-05-06,56-65,NY,Female,Low,App,Electronics,Smartphones,Samsung,Galaxy A32,312.0,250.0,3.0,0.8,937.0,20.0,167.0,Digital Wallet,4.0
2023-05-06,46-55,FL,Other,Middle,Organic,Beauty,Makeup,Maybelline,Lash Sensational Mascara,15.0,10.0,1.0,0.61,15.0,4.0,1.0,Credit Card,3.0
2023-05-06,56-65,FL,Female,High,App,Electronics,Smartphones,Apple,iPhone 14,1038.0,700.0,1.0,1.23,1038.0,8.0,330.0,Digital Wallet,5.0
2023-05-06,36-45,IL,Other,Middle,App,Clothing,Jeans,Wrangler,Regular Fit,63.0,35.0,3.0,1.05,189.0,9.0,76.0,Credit Card,5.0
2023-05-06,56-65,TX,Male,Middle,Organic,Electronics,Smartphones,Samsung,Galaxy S21,737.0,500.0,3.0,1.4,2210.0,17.0,693.0,Debit Card,5.0
2023-05-06,36-45,TX,Male,Middle,Email,Beauty,Makeup,Maybelline,Fit Me Foundation,26.0,15.0,4.0,1.32,103.0,5.0,38.0,Debit Card,5.0
2023-05-06,66+,MI,Other,Middle,Affiliates,Clothing,T-Shirts,Adidas,Performance,67.0,45.0,4.0,1.54,270.0,9.0,80.0,Digital Wallet,6.0
2023-05-06,18-25,GA,Male,High,App,Clothing,Jeans,Levis,501 Original,95.0,60.0,1.0,1.52,95.0,3.0,32.0,Credit Card,6.0
2023-05-06,66+,PA,Female,Middle,Email,Electronics,Smartphones,Apple,iPhone 14,975.0,700.0,1.0,0.73,975.0,9.0,266.0,Digital Wallet,3.0
2023-05-06,26-35,CA,Male,Middle,App,Clothing,Jeans,Levis,Bootcut,122.0,100.0,1.0,0.53,122.0,3.0,19.0,Debit Card,2.0
2023-05-06,26-35,TX,Female,Middle,Organic,Beauty,Skincare,Neutrogena,Hydro Boost Gel,25.0,20.0,1.0,1.57,25.0,3.0,2.0,Digital Wallet,4.0
2023-05-06,26-35,OH,Male,Middle,Others,Beauty,Skincare,Neutrogena,Hydro Boost Gel,25.0,20.0,1.0,0.72,25.0,3.0,2.0,Debit Card,3.0
2023-05-06,26-35,IL,Male,Middle,Others,Beauty,Makeup,Maybelline,Fit Me Foundation,20.0,15.0,3.0,0.93,60.0,6.0,9.0,Debit Card,4.0
2023-05-06,46-55,CA,Female,Low,Organic,Electronics,Smartphones,Samsung,Galaxy S21,795.0,500.0,1.0,0.92,795.0,5.0,290.0,Debit Card,3.0
2023-05-06,26-35,FL,Other,Low,Organic,Beauty,Makeup,Maybelline,Lash Sensational Mascara,16.0,10.0,6.0,0.91,94.0,7.0,27.0,Credit Card,6.0
2023-05-06,56-65,NY,Female,High,Email,Beauty,Skincare,Neutrogena,Oil-Free Acne Wash,18.0,15.0,2.0,0.78,36.0,7.0,-0.0,Digital Wallet,5.0
2023-05-06,26-35,TX,Male,Middle,App,Beauty,Makeup,Maybelline,Fit Me Foundation,20.0,15.0,5.0,1.77,98.0,5.0,18.0,Credit Card,4.0
2023-05-06,36-45,FL,Male,High,Organic,Beauty,Skincare,Neutrogena,Rapid Wrinkle Repair,29.0,20.0,3.0,1.71,87.0,5.0,21.0,Debit Card,4.0
2023-05-06,56-65,CA,Female,High,PPC,Clothing,Jeans,Levis,Slim Fit,67.0,50.0,3.0,1.23,202.0,5.0,48.0,Digital Wallet,4.0
2023-05-06,56-65,FL,Male,Middle,Others,Clothing,T-Shirts,Nike,Dry-FIT,26.0,20.0,2.0,1.13,53.0,6.0,7.0,Debit Card,3.0
2023-05-06,26-35,CA,Male,Low,Affiliates,Beauty,Makeup,Revlon,PhotoReady Concealer,19.0,12.0,4.0,0.72,74.0,3.0,23.0,Digital Wallet,5.0
2023-05-06,36-45,TX,Male,Low,Organic,Electronics,Smartphones,Apple,iPhone SE,592.0,400.0,3.0,0.78,1775.0,17.0,557.0,Debit Card,4.0
2023-05-06,18-25,IL,Female,Middle,Affiliates,Electronics,Laptops,Apple Laptop,MacBook Pro M2,1417.0,1200.0,1.0,1.35,1417.0,12.0,205.0,Digital Wallet,5.0
2023-05-06,36-45,IL,Female,High,App,Beauty,Skincare,Neutrogena,Hydro Boost Gel,28.0,20.0,1.0,1.03,28.0,5.0,3.0,Digital Wallet,5.0
2023-05-06,46-55,TX,Female,Middle,Organic,Beauty,Makeup,Revlon,ColorStay Lipstick,18.0,15.0,1.0,1.54,18.0,3.0,-0.0,Credit Card,3.0
2023-05-06,18-25,GA,Male,High,Email,Beauty,Makeup,Maybelline,Fit Me Foundation,20.0,15.0,6.0,1.7,120.0,5.0,25.0,Credit Card,6.0
2023-05-06,56-65,GA,Female,High,App,Home,Furniture,Ashley Furniture,Bed Frame,270.0,100.0,1.0,0.61,270.0,11.0,159.0,Digital Wallet,5.0
2023-05-06,36-45,MI,Female,High,Email,Clothing,Jeans,Wrangler,Regular Fit,59.0,35.0,2.0,0.92,119.0,8.0,41.0,Debit Card,4.0
2023-05-06,46-55,NY,Female,Middle,App,Electronics,Smartphones,Apple,iPhone 15,1088.0,800.0,1.0,1.27,1088.0,10.0,278.0,Debit Card,4.0
2023-05-06,56-65,IL,Female,Middle,Others,Beauty,Makeup,Maybelline,Fit Me Foundation,19.0,15.0,3.0,1.58,56.0,6.0,5.0,Debit Card,4.0
2023-05-06,18-25,FL,Male,Middle,Others,Beauty,Skincare,Neutrogena,Oil-Free Acne Wash,22.0,15.0,2.0,0.94,44.0,5.0,9.0,Credit Card,5.0
2023-05-06,36-45,IL,Female,High,App,Beauty,Makeup,Maybelline,Fit Me Foundation,17.0,15.0,3.0,1.02,52.0,6.0,1.0,Credit Card,6.0
2023-05-06,26-35,TX,Female,High,PPC,Electronics,Smartphones,Samsung,Galaxy A32,359.0,250.0,2.0,1.59,718.0,12.0,206.0,Credit Card,5.0
2023-05-06,36-45,OH,Male,High,Organic,Home,Beds,Serta,Perfect Sleeper,995.0,750.0,1.0,0.64,995.0,15.0,231.0,Debit Card,4.0
2023-05-06,36-45,TX,Other,High,Organic,Electronics,Laptops,Dell,Inspiron,852.0,600.0,2.0,0.9,1704.0,18.0,486.0,Credit Card,5.0
2023-05-06,56-65,TX,Male,Middle,Others,Clothing,T-Shirts,Nike,Dry-FIT,37.0,20.0,3.0,1.12,112.0,6.0,46.0,Digital Wallet,2.0
2023-05-06,46-55,TX,Male,Middle,PPC,Clothing,Jeans,Levis,501 Original,89.0,60.0,2.0,1.55,178.0,5.0,53.0,Credit Card,3.0
2023-05-06,66+,OH,Female,Low,PPC,Beauty,Makeup,Maybelline,Lash Sensational Mascara,16.0,10.0,10.0,1.76,156.0,9.0,48.0,Credit Card,9.0
2023-05-06,46-55,CA,Female,Low,PPC,Clothing,Jeans,Wrangler,Authentics,44.0,30.0,1.0,1.66,44.0,3.0,11.0,Debit Card,2.0
2023-05-06,46-55,PA,Other,High,PPC,Clothing,Jeans,Levis,Bootcut,128.0,100.0,3.0,0.98,383.0,8.0,75.0,Digital Wallet,3.0
2023-05-06,56-65,GA,Male,Middle,Organic,Electronics,Smartphones,Apple,iPhone 14,1022.0,700.0,3.0,1.04,3067.0,16.0,951.0,Digital Wallet,5.0
2023-05-06,26-35,PA,Male,Low,Organic,Clothing,Jeans,Wrangler,Authentics,42.0,30.0,2.0,0.55,83.0,7.0,17.0,Debit Card,5.0
2023-05-06,26-35,IL,Male,Middle,Affiliates,Clothing,Jeans,Wrangler,Authentics,58.0,30.0,2.0,1.45,115.0,7.0,48.0,Credit Card,5.0
2023-05-06,56-65,NC,Male,High,Organic,Home,Furniture,Ashley Furniture,Sofa,518.0,300.0,2.0,1.27,1036.0,26.0,410.0,Credit Card,5.0
2023-05-06,18-25,GA,Female,Middle,Email,Beauty,Skincare,Neutrogena,Oil-Free Acne Wash,21.0,15.0,3.0,0.62,63.0,3.0,15.0,BNPL,5.0
2023-05-06,36-45,CA,Female,Low,Email,Beauty,Makeup,Revlon,PhotoReady Concealer,19.0,12.0,3.0,1.1,58.0,3.0,19.0,Digital Wallet,3.0
2023-05-06,46-55,CA,Male,Middle,Email,Electronics,Smartphones,Samsung,Galaxy Z Fold 5,1816.0,1500.0,1.0,0.94,1816.0,5.0,311.0,Credit Card,3.0
2023-05-06,56-65,NC,Female,Low,Organic,Home,Beds,Serta,iComfort,2314.0,1900.0,11.0,1.26,25456.0,138.0,4418.0,Debit Card,11.0
2023-05-06,36-45,NC,Female,Low,Organic,Clothing,Jeans,Wrangler,Authentics,59.0,30.0,1.0,1.5,59.0,8.0,21.0,Debit Card,3.0
2023-05-06,26-35,TX,Male,Low,Others,Electronics,Laptops,Apple Laptop,MacBook Pro M3,1921.0,1500.0,2.0,1.47,3841.0,18.0,823.0,Credit Card,4.0
2023-05-06,36-45,OH,Female,High,Email,Clothing,Jeans,Wrangler,Regular Fit,68.0,35.0,1.0,1.36,68.0,4.0,28.0,Digital Wallet,3.0
2023-05-06,56-65,OH,Male,Low,Others,Home,Furniture,IKEA,Kallax Shelf,77.0,60.0,2.0,1.72,155.0,23.0,12.0,Digital Wallet,5.0
2023-05-06,46-55,FL,Male,Low,App,Clothing,T-Shirts,Nike,Pro,49.0,30.0,2.0,1.34,97.0,6.0,32.0,Debit Card,4.0
2023-05-06,26-35,TX,Male,Middle,Organic,Clothing,T-Shirts,Adidas,Performance,75.0,45.0,2.0,0.55,150.0,5.0,56.0,Credit Card,4.0
2023-05-06,56-65,NY,Male,Low,Affiliates,Beauty,Makeup,Maybelline,Fit Me Foundation,24.0,15.0,4.0,1.29,97.0,8.0,30.0,Digital Wallet,6.0
2023-05-06,56-65,PA,Female,Middle,App,Clothing,Jeans,Wrangler,Regular Fit,59.0,35.0,3.0,1.26,177.0,8.0,64.0,BNPL,4.0
2023-05-06,36-45,IL,Male,Middle,App,Home,Beds,Serta,iComfort,2389.0,1900.0,1.0,0.71,2389.0,16.0,473.0,Debit Card,4.0
2023-05-06,26-35,FL,Male,Low,Email,Electronics,Smartphones,Apple,iPhone 15,1141.0,800.0,1.0,1.06,1141.0,8.0,333.0,Digital Wallet,4.0
2023-05-06,66+,GA,Male,Middle,App,Clothing,Jeans,Levis,501 Original,81.0,60.0,2.0,1.83,162.0,4.0,38.0,Credit Card,4.0
2023-05-06,66+,TX,Female,High,Email,Home,Furniture,IKEA,Billy Bookcase,145.0,100.0,2.0,1.85,290.0,22.0,68.0,Credit Card,5.0
2023-05-06,26-35,PA,Other,Middle,PPC,Clothing,Jeans,Levis,501 Original,82.0,60.0,1.0,1.4,82.0,5.0,17.0,Debit Card,4.0
2023-05-06,56-65,NY,Male,High,Affiliates,Electronics,Smartphones,Apple,iPhone SE,601.0,400.0,2.0,0.75,1203.0,15.0,387.0,Digital Wallet,4.0
2023-05-06,18-25,CA,Female,High,Email,Beauty,Skincare,Neutrogena,Hydro Boost Gel,28.0,20.0,1.0,1.11,28.0,3.0,5.0,Digital Wallet,3.0
2023-05-06,66+,GA,Female,Low,Email,Beauty,Makeup,Revlon,ColorStay Lipstick,19.0,15.0,2.0,1.75,38.0,3.0,5.0,BNPL,4.0
2023-05-06,36-45,NY,Male,Low,Others,Home,Furniture,Ashley Furniture,Dining Table,352.0,200.0,1.0,0.81,352.0,15.0,136.0,Digital Wallet,10.0
2023-05-06,46-55,TX,Male,High,App,Beauty,Makeup,Maybelline,Fit Me Foundation,20.0,15.0,1.0,1.11,20.0,3.0,2.0,Digital Wallet,3.0
2023-05-06,18-25,NY,Other,Middle,Affiliates,Home,Furniture,IKEA,Kallax Shelf,84.0,60.0,1.0,0.73,84.0,15.0,9.0,Debit Card,5.0
2023-05-06,26-35,CA,Male,Low,Affiliates,Beauty,Makeup,Maybelline,Lash Sensational Mascara,18.0,10.0,3.0,0.74,55.0,3.0,22.0,BNPL,4.0
2023-05-06,66+,IL,Female,High,Others,Clothing,T-Shirts,Nike,Sportswear,42.0,25.0,5.0,0.78,212.0,10.0,76.0,Digital Wallet,5.0
2023-05-06,18-25,CA,Male,Middle,App,Clothing,Jeans,Levis,Bootcut,125.0,100.0,2.0,1.3,250.0,3.0,46.0,Digital Wallet,2.0
2023-05-06,26-35,TX,Female,Low,PPC,Beauty,Skincare,Neutrogena,Rapid Wrinkle Repair,32.0,20.0,4.0,1.8,126.0,5.0,41.0,Credit Card,4.0
2023-05-06,56-65,CA,Male,Low,Organic,Electronics,Smartphones,Apple,iPhone SE,633.0,400.0,1.0,1.03,633.0,5.0,228.0,Digital Wallet,2.0
2023-05-06,46-55,CA,Female,High,Email,Home,Furniture,IKEA,Billy Bookcase,178.0,100.0,1.0,2.0,178.0,10.0,68.0,Credit Card,5.0
2023-05-06,26-35,NC,Male,Middle,Organic,Clothing,Jeans,Wrangler,Authentics,56.0,30.0,3.0,0.94,169.0,11.0,68.0,Digital Wallet,6.0
2023-05-06,26-35,IL,Female,Middle,PPC,Clothing,Jeans,Wrangler,Regular Fit,58.0,35.0,1.0,1.26,58.0,6.0,17.0,Debit Card,3.0
2023-05-06,46-55,FL,Other,Middle,Organic,Electronics,Smartphones,Apple,iPhone 15,1137.0,800.0,1.0,1.35,1137.0,8.0,329.0,Digital Wallet,3.0
2023-05-06,26-35,CA,Male,High,App,Home,Furniture,IKEA,Billy Bookcase,163.0,100.0,8.0,1.69,1302.0,80.0,422.0,Credit Card,8.0
2023-05-06,66+,PA,Other,High,Others,Home,Furniture,Ashley Furniture,Bed Frame,249.0,100.0,1.0,1.19,249.0,14.0,135.0,Credit Card,6.0
2023-05-06,66+,FL,Female,Middle,Organic,Electronics,Smartphones,Samsung,Galaxy Z Fold 5,1847.0,1500.0,2.0,1.51,3695.0,13.0,682.0,Credit Card,3.0
2023-05-06,26-35,IL,Female,Low,Email,Electronics,Smartphones,Apple,iPhone SE,585.0,400.0,1.0,2.0,585.0,9.0,175.0,Credit Card,4.0
2023-05-06,26-35,FL,Other,Middle,Others,Beauty,Makeup,Maybelline,Fit Me Foundation,15.0,15.0,2.0,1.23,30.0,4.0,-4.0,Digital Wallet,3.0
2023-05-06,46-55,TX,Male,High,Organic,Electronics,Laptops,Apple Laptop,MacBook Pro M3,1876.0,1500.0,2.0,1.11,3752.0,18.0,733.0,Credit Card,4.0
2023-05-06,36-45,CA,Female,Low,Organic,Clothing,Jeans,Levis,Slim Fit,61.0,50.0,1.0,1.66,61.0,3.0,8.0,Digital Wallet,2.0
2023-05-06,66+,TX,Male,Middle,Organic,Electronics,Laptops,Dell,XPS,1802.0,1300.0,1.0,1.12,1802.0,10.0,492.0,Credit Card,4.0
2023-05-06,36-45,IL,Female,High,PPC,Beauty,Makeup,Maybelline,Lash Sensational Mascara,12.0,10.0,4.0,0.89,49.0,7.0,2.0,BNPL,4.0
2023-05-06,46-55,FL,Male,Middle,PPC,Home,Beds,Tempur-Pedic,Cloud Supreme,2196.0,1800.0,2.0,1.49,4391.0,27.0,764.0,Digital Wallet,5.0
2023-05-06,26-35,TX,Female,Low,Email,Beauty,Makeup,Maybelline,Fit Me Foundation,22.0,15.0,2.0,1.24,43.0,3.0,10.0,Digital Wallet,4.0
2023-05-06,26-35,GA,Other,Middle,App,Home,Furniture,IKEA,Kallax Shelf,72.0,60.0,1.0,0.64,72.0,11.0,1.0,BNPL,5.0
2023-05-06,56-65,GA,Female,Middle,App,Electronics,Smartphones,Apple,iPhone 15,1121.0,800.0,3.0,1.61,3362.0,16.0,945.0,Digital Wallet,6.0
2023-05-06,36-45,MI,Female,Low,App,Home,Furniture,IKEA,Billy Bookcase,147.0,100.0,2.0,1.65,295.0,25.0,70.0,BNPL,6.0
2023-05-06,36-45,CA,Other,Middle,Others,Electronics,Smartphones,Apple,iPhone 15,1117.0,800.0,3.0,1.63,3350.0,15.0,935.0,BNPL,5.0
2023-05-06,26-35,FL,Female,High,Affiliates,Clothing,Jeans,Wrangler,Regular Fit,64.0,35.0,3.0,1.98,192.0,8.0,79.0,Digital Wallet,4.0
2023-05-06,46-55,CA,Female,Middle,Affiliates,Beauty,Makeup,Maybelline,Fit Me Foundation,21.0,15.0,1.0,1.48,21.0,3.0,3.0,Digital Wallet,4.0
2023-05-06,66+,NY,Female,Middle,Organic,Home,Beds,Tempur-Pedic,Cloud Supreme,2247.0,1800.0,2.0,0.98,4493.0,29.0,864.0,Credit Card,6.0
2023-05-06,36-45,IL,Female,Middle,PPC,Beauty,Makeup,Revlon,PhotoReady Concealer,18.0,12.0,4.0,0.73,73.0,7.0,18.0,Digital Wallet,4.0
2023-05-06,46-55,OH,Female,Low,Organic,Electronics,Smartphones,Apple,iPhone 14,1050.0,700.0,1.0,1.42,1050.0,8.0,342.0,Digital Wallet,3.0
2023-05-06,66+,CA,Female,Low,Organic,Home,Beds,Tempur-Pedic,Contour Elite,2103.0,1700.0,1.0,0.61,2103.0,12.0,391.0,Digital Wallet,4.0
2023-05-06,18-25,FL,Male,Middle,PPC,Beauty,Makeup,Maybelline,Fit Me Foundation,28.0,15.0,5.0,1.09,140.0,6.0,59.0,Digital Wallet,4.0
2023-05-06,36-45,GA,Female,Low,Organic,Electronics,Smartphones,Apple,iPhone 15,1168.0,800.0,3.0,0.9,3504.0,16.0,1087.0,Digital Wallet,4.0
2023-05-06,26-35,NY,Female,High,Email,Beauty,Skincare,Neutrogena,Oil-Free Acne Wash,20.0,15.0,1.0,1.7,20.0,6.0,-1.0,Credit Card,4.0
2023-05-06,36-45,NY,Female,Middle,App,Home,Furniture,IKEA,Billy Bookcase,167.0,100.0,2.0,1.82,333.0,25.0,108.0,Digital Wallet,5.0
2023-05-06,36-45,TX,Male,Middle,Organic,Beauty,Makeup,Maybelline,Lash Sensational Mascara,14.0,10.0,6.0,1.47,86.0,6.0,20.0,BNPL,5.0
2023-05-06,66+,CA,Female,High,Email,Clothing,Jeans,Levis,501 Original,89.0,60.0,11.0,1.06,976.0,17.0,299.0,Digital Wallet,8.0
2023-05-06,36-45,NY,Male,Low,Organic,Electronics,Laptops,Dell,Inspiron,810.0,600.0,1.0,0.78,810.0,13.0,197.0,Debit Card,3.0
2023-05-06,56-65,FL,Other,Middle,Affiliates,Electronics,Laptops,Dell,Inspiron,905.0,600.0,2.0,1.7,1810.0,19.0,591.0,Digital Wallet,4.0
2023-05-06,26-35,CA,Other,Middle,Email,Home,Beds,Tempur-Pedic,Cloud Supreme,2114.0,1800.0,2.0,1.49,4228.0,24.0,603.0,Credit Card,3.0
2023-05-06,26-35,FL,Male,High,Email,Beauty,Skincare,Neutrogena,Hydro Boost Gel,24.0,20.0,1.0,0.95,24.0,4.0,0.0,Debit Card,4.0
2023-05-06,26-35,IL,Female,Middle,Organic,Beauty,Makeup,Maybelline,Lash Sensational Mascara,15.0,10.0,1.0,1.66,15.0,5.0,-0.0,Credit Card,3.0
2023-05-06,46-55,CA,Male,High,Others,Electronics,Smartphones,Samsung,Galaxy Z Fold 5,1897.0,1500.0,1.0,1.08,1897.0,5.0,392.0,Debit Card,2.0
2023-05-06,66+,MI,Other,High,Organic,Electronics,Laptops,Apple Laptop,MacBook Pro M3,1855.0,1500.0,2.0,1.95,3711.0,21.0,690.0,Debit Card,6.0
2023-05-06,56-65,NY,Female,High,Organic,Clothing,T-Shirts,Adidas,Performance,60.0,45.0,3.0,1.67,181.0,9.0,38.0,Debit Card,4.0
2023-05-06,26-35,NC,Male,Low,Affiliates,Clothing,T-Shirts,Nike,Sportswear,41.0,25.0,1.0,1.91,41.0,7.0,9.0,Debit Card,4.0
2023-05-06,26-35,CA,Female,Middle,Organic,Electronics,Smartphones,Samsung,Galaxy A32,335.0,250.0,1.0,1.43,335.0,5.0,80.0,Credit Card,3.0
2023-05-06,66+,CA,Female,Middle,PPC,Electronics,Smartphones,Apple,iPhone 14,1047.0,700.0,1.0,0.76,1047.0,5.0,342.0,Digital Wallet,2.0
2023-05-06,46-55,IL,Female,Low,Organic,Electronics,Smartphones,Samsung,Galaxy Z Fold 5,1892.0,1500.0,3.0,0.65,5676.0,19.0,1157.0,Credit Card,7.0
2023-05-06,36-45,FL,Other,Low,Organic,Clothing,T-Shirts,Adidas,Performance,74.0,45.0,3.0,0.69,223.0,7.0,81.0,Digital Wallet,4.0
2023-05-06,46-55,PA,Female,Middle,Email,Clothing,T-Shirts,Adidas,Performance,79.0,45.0,2.0,1.5,157.0,6.0,61.0,Digital Wallet,12.0
2023-05-06,66+,PA,Male,High,Email,Clothing,Jeans,Levis,Bootcut,119.0,100.0,2.0,1.44,237.0,7.0,31.0,Credit Card,4.0
2023-05-06,26-35,NY,Male,High,Organic,Beauty,Makeup,Revlon,PhotoReady Concealer,18.0,12.0,2.0,1.56,36.0,6.0,6.0,Credit Card,4.0
2023-05-06,26-35,CA,Other,Middle,Others,Clothing,Jeans,Wrangler,Authentics,57.0,30.0,3.0,1.66,172.0,5.0,78.0,Credit Card,3.0
2023-05-06,26-35,MI,Male,Middle,Organic,Clothing,Jeans,Wrangler,Regular Fit,58.0,35.0,1.0,0.8,58.0,6.0,17.0,Digital Wallet,4.0
2023-05-06,66+,TX,Female,Middle,Others,Clothing,T-Shirts,Nike,Pro,54.0,30.0,4.0,1.35,217.0,7.0,90.0,Credit Card,4.0
2023-05-06,18-25,MI,Male,Middle,Others,Beauty,Skincare,Neutrogena,Oil-Free Acne Wash,23.0,15.0,4.0,1.76,93.0,7.0,26.0,Debit Card,7.0
2023-05-06,26-35,IL,Female,Middle,Organic,Clothing,Jeans,Wrangler,Authentics,53.0,30.0,1.0,1.53,53.0,6.0,17.0,Digital Wallet,4.0
2023-05-06,18-25,NC,Female,Middle,App,Beauty,Makeup,Revlon,PhotoReady Concealer,21.0,12.0,4.0,0.61,82.0,9.0,25.0,Credit Card,7.0
2023-05-06,26-35,FL,Female,Middle,Email,Electronics,Smartphones,Samsung,Galaxy S21,771.0,500.0,3.0,1.85,2312.0,18.0,794.0,Credit Card,11.0
2023-05-06,26-35,TX,Male,High,Email,Electronics,Smartphones,Samsung,Galaxy S21,793.0,500.0,3.0,0.88,2378.0,17.0,861.0,Digital Wallet,5.0
2023-05-06,26-35,MI,Female,Middle,App,Home,Furniture,Ashley Furniture,Dining Table,279.0,200.0,2.0,1.42,558.0,25.0,133.0,Digital Wallet,6.0
2023-05-06,56-65,NC,Female,Middle,Affiliates,Clothing,Jeans,Levis,Slim Fit,67.0,50.0,2.0,1.37,134.0,9.0,25.0,Credit Card,7.0
2023-05-06,66+,PA,Female,Middle,Organic,Clothing,Jeans,Wrangler,Authentics,48.0,30.0,1.0,1.55,48.0,5.0,13.0,Credit Card,3.0
2023-05-06,66+,MI,Female,Middle,Email,Home,Furniture,IKEA,Kallax Shelf,82.0,60.0,1.0,1.16,82.0,15.0,8.0,Debit Card,6.0
2023-05-06,26-35,GA,Female,Low,Organic,Clothing,Jeans,Levis,Slim Fit,68.0,50.0,3.0,1.43,204.0,6.0,48.0,Digital Wallet,4.0
2023-05-06,18-25,CA,Male,Middle,Others,Electronics,Smartphones,Apple,iPhone 14,1045.0,700.0,3.0,0.85,3135.0,15.0,1020.0,BNPL,3.0
2023-05-06,56-65,CA,Female,Low,Others,Clothing,T-Shirts,Adidas,Performance,71.0,45.0,3.0,0.69,214.0,4.0,75.0,Credit Card,3.0
2023-05-06,18-25,OH,Male,Low,App,Electronics,Smartphones,Apple,iPhone 14,1021.0,700.0,1.0,0.62,1021.0,8.0,314.0,Digital Wallet,3.0
2023-05-06,26-35,TX,Male,Low,Email,Home,Beds,Tempur-Pedic,Cloud Supreme,2204.0,1800.0,2.0,0.86,4408.0,26.0,782.0,Credit Card,6.0
2023-05-06,26-35,NC,Male,High,Others,Clothing,Jeans,Levis,Slim Fit,80.0,50.0,1.0,1.39,80.0,8.0,23.0,Debit Card,4.0
2023-05-06,66+,PA,Male,Middle,Email,Beauty,Makeup,Revlon,PhotoReady Concealer,21.0,12.0,6.0,1.27,125.0,7.0,45.0,BNPL,6.0
2023-05-06,66+,IL,Female,Middle,Organic,Electronics,Smartphones,Samsung,Galaxy S21,779.0,500.0,2.0,1.77,1559.0,14.0,544.0,Digital Wallet,4.0
2023-05-06,56-65,GA,Female,Middle,Email,Home,Beds,Tempur-Pedic,Contour Elite,2033.0,1700.0,2.0,1.65,4065.0,25.0,640.0,Debit Card,6.0
2023-05-06,46-55,NC,Male,Middle,Others,Home,Furniture,Ashley Furniture,Dining Table,341.0,200.0,2.0,1.96,681.0,26.0,255.0,Credit Card,5.0
2023-05-06,36-45,FL,Female,High,Organic,Clothing,Jeans,Levis,501 Original,90.0,60.0,4.0,0.63,359.0,9.0,110.0,Debit Card,5.0
2023-05-06,26-35,NC,Other,Low,App,Electronics,Smartphones,Samsung,Galaxy A32,365.0,250.0,3.0,1.97,1096.0,21.0,325.0,BNPL,7.0
2023-05-06,56-65,GA,Female,High,Email,Beauty,Makeup,Maybelline,Fit Me Foundation,17.0,15.0,4.0,0.77,69.0,4.0,6.0,Debit Card,3.0
2023-05-06,26-35,MI,Other,High,App,Home,Beds,Tempur-Pedic,Cloud Supreme,2132.0,1800.0,2.0,1.82,4263.0,29.0,635.0,Digital Wallet,5.0
2023-05-06,18-25,PA,Male,Middle,PPC,Electronics,Smartphones,Apple,iPhone 15,1101.0,800.0,3.0,1.87,3304.0,19.0,886.0,Debit Card,5.0
2023-05-06,26-35,MI,Female,Low,Organic,Beauty,Makeup,Revlon,ColorStay Lipstick,21.0,15.0,6.0,0.67,125.0,8.0,27.0,BNPL,7.0
2023-05-06,36-45,FL,Female,Low,Affiliates,Electronics,Smartphones,Samsung,Galaxy A32,335.0,250.0,1.0,1.78,335.0,8.0,77.0,Digital Wallet,5.0
2023-05-06,56-65,TX,Female,Middle,Email,Electronics,Laptops,Apple Laptop,MacBook Air M2,1293.0,1000.0,1.0,1.53,1293.0,10.0,283.0,Credit Card,4.0
2023-05-06,46-55,CA,Female,High,PPC,Home,Furniture,IKEA,Billy Bookcase,123.0,100.0,1.0,1.19,123.0,10.0,13.0,Digital Wallet,2.0
2023-05-06,46-55,IL,Male,Middle,App,Clothing,T-Shirts,Nike,Dry-FIT,25.0,20.0,2.0,0.71,49.0,7.0,2.0,Debit Card,4.0
2023-05-06,26-35,MI,Male,Low,Email,Beauty,Skincare,Neutrogena,Hydro Boost Gel,24.0,20.0,2.0,0.88,48.0,6.0,2.0,Debit Card,5.0
2023-05-06,18-25,GA,Female,Low,Organic,Clothing,Jeans,Wrangler,Authentics,52.0,30.0,1.0,1.31,52.0,3.0,19.0,Digital Wallet,3.0
2023-05-06,36-45,CA,Male,Middle,PPC,Beauty,Skincare,Neutrogena,Oil-Free Acne Wash,23.0,15.0,4.0,1.52,92.0,3.0,29.0,Credit Card,4.0
2023-05-06,18-25,NY,Male,Middle,Affiliates,Beauty,Makeup,Maybelline,Fit Me Foundation,18.0,15.0,4.0,1.35,70.0,8.0,3.0,Digital Wallet,5.0
2023-05-06,26-35,IL,Male,Middle,Organic,Clothing,T-Shirts,Adidas,Performance,74.0,45.0,2.0,0.6,149.0,7.0,52.0,Credit Card,6.0
2023-05-06,26-35,NY,Other,Middle,Organic,Beauty,Makeup,Revlon,PhotoReady Concealer,16.0,12.0,1.0,0.95,16.0,6.0,-2.0,Debit Card,5.0
2023-05-06,56-65,IL,Male,Middle,Organic,Clothing,Jeans,Wrangler,Regular Fit,65.0,35.0,2.0,1.02,130.0,7.0,53.0,Credit Card,4.0
2023-05-06,56-65,FL,Male,Middle,Others,Clothing,T-Shirts,Adidas,Essentials,40.0,35.0,3.0,1.25,120.0,7.0,9.0,Digital Wallet,4.0
2023-05-06,26-35,MI,Other,Low,App,Home,Furniture,IKEA,Billy Bookcase,178.0,100.0,1.0,0.88,178.0,15.0,63.0,Digital Wallet,5.0
2023-05-06,18-25,NC,Female,Low,Email,Beauty,Makeup,Revlon,PhotoReady Concealer,16.0,12.0,4.0,1.52,65.0,9.0,9.0,Debit Card,5.0
2023-05-06,46-55,FL,Male,Middle,Affiliates,Home,Furniture,IKEA,Billy Bookcase,147.0,100.0,1.0,0.65,147.0,13.0,33.0,Credit Card,5.0
2023-05-06,36-45,CA,Other,Low,PPC,Clothing,Jeans,Wrangler,Authentics,51.0,30.0,1.0,0.7,51.0,3.0,18.0,Digital Wallet,2.0
2023-05-06,56-65,OH,Other,High,App,Electronics,Laptops,Apple Laptop,MacBook Pro M3,1841.0,1500.0,1.0,0.93,1841.0,11.0,331.0,Credit Card,3.0
2023-05-06,66+,MI,Male,Middle,Others,Clothing,T-Shirts,Adidas,Performance,67.0,45.0,5.0,1.81,337.0,11.0,101.0,Debit Card,6.0
2023-05-06,18-25,PA,Male,High,Email,Home,Furniture,IKEA,Billy Bookcase,159.0,100.0,2.0,1.57,317.0,24.0,94.0,Debit Card,6.0
2023-05-06,26-35,GA,Male,Low,Organic,Clothing,Jeans,Wrangler,Authentics,48.0,30.0,3.0,1.2,145.0,6.0,49.0,Credit Card,3.0
2023-05-06,36-45,PA,Female,Middle,Affiliates,Electronics,Laptops,Apple Laptop,MacBook Pro M2,1369.0,1200.0,2.0,0.7,2737.0,20.0,317.0,BNPL,4.0
2023-05-06,46-55,TX,Male,Low,Affiliates,Beauty,Skincare,Neutrogena,Oil-Free Acne Wash,24.0,15.0,2.0,1.49,47.0,4.0,14.0,Credit Card,4.0
2023-05-06,26-35,IL,Male,Middle,Others,Clothing,Jeans,Levis,Bootcut,126.0,100.0,2.0,0.63,252.0,7.0,45.0,Debit Card,4.0
2023-05-06,26-35,CA,Male,Low,Affiliates,Electronics,Laptops,HP,Pavilion,874.0,600.0,5.0,1.76,4368.0,40.0,1328.0,Credit Card,5.0
2023-05-06,18-25,MI,Male,Low,Email,Clothing,Jeans,Wrangler,Authentics,53.0,30.0,1.0,1.24,53.0,6.0,17.0,Debit Card,4.0
2023-05-06,66+,FL,Other,Middle,PPC,Clothing,T-Shirts,Nike,Sportswear,39.0,25.0,3.0,1.6,118.0,7.0,36.0,Credit Card,5.0
2023-05-06,18-25,OH,Male,High,PPC,Electronics,Smartphones,Samsung,Galaxy A32,405.0,250.0,1.0,1.07,405.0,8.0,148.0,Digital Wallet,4.0
2023-05-06,56-65,NY,Female,Middle,PPC,Beauty,Makeup,Revlon,PhotoReady Concealer,19.0,12.0,1.0,1.02,19.0,6.0,1.0,Credit Card,3.0
2023-05-06,26-35,NY,Other,Middle,PPC,Beauty,Makeup,Revlon,PhotoReady Concealer,17.0,12.0,3.0,1.91,51.0,7.0,8.0,BNPL,4.0
2023-05-06,56-65,NY,Female,Low,Email,Electronics,Smartphones,Apple,iPhone 14,1020.0,700.0,1.0,0.76,1020.0,10.0,310.0,Digital Wallet,4.0
2023-05-06,26-35,PA,Other,Low,Organic,Home,Furniture,IKEA,Billy Bookcase,178.0,100.0,1.0,1.98,178.0,14.0,65.0,Digital Wallet,5.0
2023-05-06,18-25,MI,Other,Middle,App,Beauty,Makeup,Revlon,ColorStay Lipstick,22.0,15.0,6.0,1.44,131.0,8.0,33.0,Debit Card,7.0
2023-05-06,56-65,TX,Female,Middle,Email,Electronics,Laptops,Dell,XPS,1638.0,1300.0,2.0,0.73,3276.0,18.0,658.0,Credit Card,3.0
2023-05-06,18-25,CA,Male,Low,Others,Clothing,T-Shirts,Nike,Dry-FIT,31.0,20.0,3.0,1.44,94.0,4.0,30.0,Credit Card,4.0
2023-05-06,26-35,NY,Other,Low,Others,Electronics,Smartphones,Samsung,Galaxy Z Fold 5,1804.0,1500.0,2.0,0.52,3608.0,15.0,593.0,Credit Card,4.0
2023-05-06,66+,IL,Male,Middle,Email,Electronics,Smartphones,Samsung,Galaxy A32,373.0,250.0,1.0,0.6,373.0,9.0,114.0,Credit Card,4.0
2023-05-06,26-35,PA,Female,Low,Affiliates,Electronics,Laptops,HP,Envy,1015.0,700.0,2.0,1.4,2029.0,20.0,610.0,Credit Card,4.0
2023-05-06,36-45,IL,Male,Low,Others,Clothing,Jeans,Wrangler,Authentics,54.0,30.0,1.0,0.69,54.0,6.0,19.0,Debit Card,4.0
2023-05-06,18-25,GA,Male,Low,Others,Electronics,Laptops,HP,Pavilion,800.0,600.0,1.0,1.74,800.0,9.0,191.0,Digital Wallet,4.0
2023-05-06,18-25,IL,Other,High,App,Clothing,Jeans,Wrangler,Authentics,51.0,30.0,3.0,1.01,152.0,9.0,53.0,Debit Card,4.0
2023-05-06,36-45,CA,Female,Middle,Affiliates,Home,Beds,Tempur-Pedic,Contour Elite,2047.0,1700.0,2.0,0.99,4094.0,24.0,670.0,Credit Card,4.0
2023-05-06,36-45,OH,Female,High,Affiliates,Beauty,Makeup,Maybelline,Lash Sensational Mascara,14.0,10.0,5.0,1.47,69.0,6.0,13.0,Debit Card,5.0
2023-05-06,18-25,TX,Female,Middle,Others,Electronics,Smartphones,Samsung,Galaxy S21,733.0,500.0,2.0,0.63,1467.0,12.0,454.0,Debit Card,5.0
2023-05-06,36-45,CA,Female,High,Organic,Home,Furniture,Ashley Furniture,Bed Frame,257.0,100.0,1.0,1.0,257.0,10.0,147.0,Digital Wallet,4.0
2023-05-06,56-65,TX,Male,Low,Affiliates,Electronics,Smartphones,Apple,iPhone SE,622.0,400.0,3.0,0.99,1866.0,17.0,649.0,Credit Card,6.0
2023-05-06,66+,NY,Female,High,PPC,Clothing,T-Shirts,Nike,Pro,54.0,30.0,5.0,1.33,268.0,11.0,106.0,Credit Card,6.0
2023-05-06,26-35,NC,Male,Middle,Affiliates,Beauty,Makeup,Maybelline,Lash Sensational Mascara,12.0,10.0,1.0,0.97,12.0,7.0,-5.0,Debit Card,3.0
2023-05-06,46-55,MI,Male,Middle,Organic,Clothing,T-Shirts,Nike,Pro,53.0,30.0,2.0,1.72,107.0,7.0,40.0,Digital Wallet,3.0
2023-05-06,56-65,NY,Female,Low,Affiliates,Beauty,Makeup,Maybelline,Lash Sensational Mascara,15.0,10.0,10.0,0.91,152.0,11.0,40.0,Credit Card,9.0
2023-05-06,36-45,NY,Other,Middle,App,Beauty,Makeup,Maybelline,Lash Sensational Mascara,14.0,10.0,3.0,1.38,41.0,7.0,4.0,Digital Wallet,5.0
2023-05-06,56-65,TX,Male,Middle,Email,Electronics,Smartphones,Apple,iPhone 14,1042.0,700.0,1.0,1.2,1042.0,7.0,335.0,Debit Card,4.0
2023-05-06,18-25,OH,Male,Middle,Affiliates,Home,Furniture,Ashley Furniture,Dining Table,367.0,200.0,1.0,1.77,367.0,13.0,154.0,Debit Card,5.0
2023-05-06,56-65,FL,Female,Middle,Email,Clothing,T-Shirts,Adidas,Performance,80.0,45.0,1.0,1.53,80.0,4.0,30.0,Credit Card,5.0
2023-05-06,66+,NY,Male,High,Email,Electronics,Laptops,Apple Laptop,MacBook Air M2,1349.0,1000.0,1.0,0.91,1349.0,13.0,336.0,Digital Wallet,5.0
2023-05-06,26-35,FL,Female,Middle,PPC,Electronics,Smartphones,Apple,iPhone 15,1126.0,800.0,1.0,0.6,1126.0,8.0,318.0,Credit Card,6.0
2023-05-06,36-45,TX,Male,Middle,App,Beauty,Makeup,Maybelline,Fit Me Foundation,25.0,15.0,1.0,1.42,25.0,3.0,7.0,Digital Wallet,2.0
2023-05-06,26-35,OH,Female,Middle,Organic,Electronics,Smartphones,Apple,iPhone 15,1143.0,800.0,9.0,1.44,10289.0,48.0,3041.0,Digital Wallet,8.0
2023-05-06,46-55,PA,Male,Middle,Others,Electronics,Smartphones,Apple,iPhone 14,1001.0,700.0,1.0,0.98,1001.0,9.0,292.0,Debit Card,4.0
2023-05-06,26-35,FL,Other,Low,Affiliates,Clothing,T-Shirts,Adidas,Performance,73.0,45.0,1.0,1.5,73.0,4.0,23.0,Debit Card,5.0
2023-05-06,56-65,CA,Other,Middle,Email,Clothing,T-Shirts,Adidas,Performance,77.0,45.0,2.0,1.68,153.0,3.0,60.0,Credit Card,2.0
2023-05-06,46-55,CA,Female,Middle,Affiliates,Beauty,Makeup,Maybelline,Lash Sensational Mascara,18.0,10.0,6.0,1.78,109.0,4.0,45.0,Debit Card,6.0
2023-05-06,66+,FL,Female,High,PPC,Home,Beds,Tempur-Pedic,Contour Elite,2061.0,1700.0,1.0,1.47,2061.0,15.0,346.0,Debit Card,5.0
2023-05-06,18-25,NY,Other,Low,Email,Electronics,Laptops,Apple Laptop,MacBook Air M2,1408.0,1000.0,2.0,1.14,2816.0,21.0,794.0,Digital Wallet,4.0
2023-05-06,36-45,FL,Male,Middle,Organic,Clothing,Jeans,Wrangler,Regular Fit,59.0,35.0,1.0,0.94,59.0,5.0,20.0,Debit Card,4.0
2023-05-06,18-25,CA,Female,Middle,App,Home,Furniture,IKEA,Billy Bookcase,176.0,100.0,1.0,1.2,176.0,10.0,66.0,BNPL,4.0
2023-05-06,46-55,IL,Female,Low,App,Beauty,Makeup,Revlon,ColorStay Lipstick,17.0,15.0,6.0,1.15,105.0,8.0,7.0,Credit Card,6.0
2023-05-06,46-55,TX,Female,High,PPC,Beauty,Makeup,Revlon,ColorStay Lipstick,22.0,15.0,3.0,1.7,67.0,4.0,18.0,Credit Card,4.0
2023-05-06,18-25,CA,Male,Low,App,Beauty,Skincare,Neutrogena,Oil-Free Acne Wash,20.0,15.0,3.0,1.94,61.0,3.0,13.0,Digital Wallet,5.0
2023-05-06,36-45,IL,Other,High,Organic,Clothing,T-Shirts,Adidas,Essentials,49.0,35.0,4.0,1.3,194.0,9.0,45.0,Debit Card,4.0
2023-05-06,26-35,CA,Male,Middle,PPC,Clothing,Jeans,Wrangler,Regular Fit,63.0,35.0,1.0,0.75,63.0,3.0,25.0,Credit Card,2.0
2023-05-06,56-65,MI,Male,Middle,Email,Clothing,T-Shirts,Adidas,Performance,83.0,45.0,3.0,1.8,250.0,8.0,107.0,Credit Card,4.0
2023-05-06,36-45,CA,Male,Low,Organic,Electronics,Smartphones,Apple,iPhone 14,1059.0,700.0,2.0,1.17,2119.0,10.0,708.0,Debit Card,3.0
2023-05-06,56-65,FL,Other,Low,App,Home,Beds,Serta,Perfect Sleeper,942.0,750.0,1.0,1.04,942.0,15.0,177.0,Digital Wallet,3.0
2023-05-06,46-55,NY,Male,Low,Others,Electronics,Smartphones,Apple,iPhone 14,1046.0,700.0,1.0,0.61,1046.0,10.0,336.0,Debit Card,5.0
2023-05-06,56-65,NY,Other,Low,Affiliates,Beauty,Makeup,Maybelline,Fit Me Foundation,21.0,15.0,6.0,0.69,124.0,9.0,26.0,Credit Card,6.0
2023-05-06,46-55,OH,Male,Middle,App,Electronics,Smartphones,Apple,iPhone 14,1024.0,700.0,1.0,1.02,1024.0,8.0,316.0,BNPL,3.0
2023-05-06,56-65,PA,Male,Low,App,Home,Furniture,Ashley Furniture,Dining Table,369.0,200.0,2.0,1.77,739.0,24.0,315.0,BNPL,5.0
2023-05-06,46-55,CA,Male,Low,Organic,Electronics,Laptops,Dell,XPS,1743.0,1300.0,1.0,0.78,1743.0,8.0,435.0,Digital Wallet,3.0
2023-05-06,26-35,IL,Other,Low,App,Beauty,Skincare,Neutrogena,Hydro Boost Gel,28.0,20.0,3.0,1.71,84.0,6.0,18.0,Debit Card,5.0
2023-05-06,36-45,FL,Female,Middle,Email,Beauty,Skincare,Neutrogena,Oil-Free Acne Wash,21.0,15.0,4.0,1.47,84.0,6.0,18.0,Digital Wallet,5.0
2023-05-06,36-45,MI,Male,Middle,Organic,Beauty,Skincare,Neutrogena,Oil-Free Acne Wash,21.0,15.0,6.0,1.7,125.0,9.0,26.0,Credit Card,6.0
2023-05-06,46-55,NY,Male,Low,App,Electronics,Smartphones,Samsung,Galaxy S21,781.0,500.0,1.0,2.0,781.0,10.0,271.0,Debit Card,4.0
2023-05-06,66+,FL,Female,Middle,Others,Beauty,Skincare,Neutrogena,Hydro Boost Gel,31.0,20.0,2.0,1.9,62.0,5.0,18.0,Credit Card,6.0
2023-05-06,18-25,FL,Other,Low,Others,Electronics,Laptops,Apple Laptop,MacBook Air M1,1077.0,900.0,1.0,1.61,1077.0,11.0,166.0,Credit Card,3.0
2023-05-06,46-55,IL,Male,High,Organic,Beauty,Skincare,Neutrogena,Rapid Wrinkle Repair,30.0,20.0,3.0,0.65,90.0,6.0,24.0,Credit Card,4.0
2023-05-06,26-35,CA,Male,Middle,Others,Electronics,Smartphones,Apple,iPhone 14,1021.0,700.0,3.0,1.85,3064.0,15.0,949.0,Credit Card,4.0
2023-05-06,56-65,CA,Male,Middle,Others,Clothing,Jeans,Wrangler,Regular Fit,62.0,35.0,3.0,1.1,185.0,5.0,75.0,Debit Card,4.0
2023-05-06,26-35,NC,Female,Middle,Others,Clothing,Jeans,Wrangler,Authentics,55.0,30.0,1.0,1.58,55.0,8.0,18.0,Debit Card,5.0
2023-05-06,18-25,PA,Other,Low,Organic,Clothing,T-Shirts,Nike,Pro,59.0,30.0,4.0,1.89,238.0,9.0,109.0,Credit Card,5.0
2023-05-06,66+,OH,Male,Middle,PPC,Home,Beds,Serta,Perfect Sleeper,960.0,750.0,1.0,0.94,960.0,15.0,195.0,Digital Wallet,4.0
2023-05-06,18-25,IL,Female,Middle,Affiliates,Clothing,Jeans,Levis,Bootcut,126.0,100.0,3.0,1.79,379.0,9.0,70.0,Digital Wallet,4.0
2023-05-06,46-55,FL,Female,Middle,Affiliates,Electronics,Smartphones,Apple,iPhone 15,1096.0,800.0,2.0,1.09,2193.0,13.0,579.0,Digital Wallet,3.0
2023-05-06,56-65,IL,Male,Middle,Organic,Home,Beds,Tempur-Pedic,Cloud Supreme,2133.0,1800.0,1.0,1.05,2133.0,16.0,316.0,BNPL,4.0
2023-05-06,56-65,IL,Other,Middle,Others,Clothing,T-Shirts,Nike,Pro,53.0,30.0,4.0,1.71,213.0,9.0,84.0,Credit Card,5.0
2023-05-06,46-55,NY,Other,High,Organic,Beauty,Makeup,Maybelline,Fit Me Foundation,16.0,15.0,3.0,1.56,48.0,7.0,-4.0,Digital Wallet,5.0
2023-05-06,18-25,TX,Male,Middle,App,Home,Beds,Serta,Perfect Sleeper,967.0,750.0,2.0,1.78,1934.0,26.0,407.0,Credit Card,5.0
2023-05-06,26-35,FL,Male,Middle,PPC,Clothing,Jeans,Levis,Slim Fit,76.0,50.0,2.0,0.66,153.0,6.0,46.0,BNPL,4.0
2023-05-06,46-55,TX,Male,Middle,App,Clothing,Jeans,Wrangler,Authentics,48.0,30.0,1.0,1.13,48.0,4.0,15.0,Credit Card,3.0
2023-05-06,26-35,TX,Male,Middle,PPC,Beauty,Makeup,Maybelline,Fit Me Foundation,27.0,15.0,2.0,0.7,55.0,3.0,21.0,Debit Card,4.0
2023-05-06,46-55,NC,Other,High,App,Beauty,Skincare,Neutrogena,Oil-Free Acne Wash,20.0,15.0,4.0,1.84,82.0,9.0,13.0,Digital Wallet,5.0
2023-05-06,26-35,FL,Male,Middle,Email,Electronics,Smartphones,Apple,iPhone 15,1110.0,800.0,3.0,0.52,3329.0,18.0,911.0,Debit Card,5.0
2023-05-06,36-45,TX,Male,Low,PPC,Clothing,T-Shirts,Nike,Dry-FIT,29.0,20.0,4.0,1.8,115.0,7.0,28.0,Debit Card,6.0
2023-05-06,46-55,CA,Female,Middle,Affiliates,Beauty,Skincare,Neutrogena,Rapid Wrinkle Repair,38.0,20.0,1.0,1.49,38.0,3.0,15.0,Debit Card,2.0
2023-05-06,18-25,CA,Female,Low,PPC,Beauty,Skincare,Neutrogena,Hydro Boost Gel,28.0,20.0,1.0,0.89,28.0,3.0,5.0,Digital Wallet,2.0
2023-05-06,46-55,IL,Male,Middle,Others,Electronics,Smartphones,Samsung,Galaxy S21,719.0,500.0,3.0,0.77,2158.0,19.0,638.0,Digital Wallet,5.0
2023-05-06,66+,NY,Other,Low,PPC,Clothing,T-Shirts,Nike,Sportswear,39.0,25.0,4.0,1.58,155.0,10.0,45.0,Credit Card,5.0
2023-05-06,46-55,FL,Other,High,Email,Clothing,T-Shirts,Nike,Pro,57.0,30.0,1.0,1.65,57.0,4.0,23.0,Credit Card,4.0
2023-05-06,26-35,OH,Female,Middle,Organic,Home,Furniture,IKEA,Billy Bookcase,187.0,100.0,2.0,0.62,374.0,23.0,151.0,Digital Wallet,6.0
2023-05-06,46-55,OH,Other,Middle,Others,Beauty,Makeup,Revlon,ColorStay Lipstick,24.0,15.0,2.0,1.41,49.0,4.0,15.0,Credit Card,3.0
2023-05-06,26-35,PA,Male,Middle,PPC,Home,Furniture,IKEA,Billy Bookcase,178.0,100.0,1.0,1.48,178.0,14.0,64.0,BNPL,4.0
2023-05-06,66+,IL,Female,Middle,Others,Home,Beds,Tempur-Pedic,Contour Elite,2041.0,1700.0,1.0,1.16,2041.0,16.0,325.0,Credit Card,6.0
2023-05-06,26-35,NY,Female,Middle,Organic,Clothing,Jeans,Wrangler,Regular Fit,62.0,35.0,12.0,0.77,739.0,23.0,296.0,Credit Card,8.0
2023-05-06,36-45,FL,Other,Low,Email,Clothing,Jeans,Wrangler,Authentics,52.0,30.0,2.0,0.75,105.0,6.0,39.0,Credit Card,4.0
2023-05-06,46-55,CA,Female,Middle,Email,Home,Beds,Tempur-Pedic,Contour Elite,2080.0,1700.0,1.0,1.61,2080.0,12.0,368.0,Credit Card,4.0
2023-05-06,46-55,OH,Other,High,Organic,Clothing,Jeans,Wrangler,Authentics,53.0,30.0,1.0,0.67,53.0,4.0,19.0,Digital Wallet,3.0
2023-05-06,26-35,IL,Male,Middle,Others,Clothing,T-Shirts,Nike,Dry-FIT,34.0,20.0,5.0,1.46,169.0,10.0,59.0,Credit Card,6.0
2023-05-06,46-55,NY,Other,Middle,Email,Clothing,T-Shirts,Adidas,Performance,84.0,45.0,2.0,0.73,169.0,8.0,71.0,Credit Card,6.0
2023-05-06,18-25,NY,Female,High,Email,Beauty,Makeup,Revlon,ColorStay Lipstick,24.0,15.0,4.0,0.8,98.0,8.0,30.0,Credit Card,5.0
2023-05-06,18-25,IL,Male,Middle,App,Home,Furniture,IKEA,Kallax Shelf,79.0,60.0,2.0,0.74,159.0,24.0,15.0,Credit Card,7.0
2023-05-06,56-65,OH,Other,Low,Affiliates,Beauty,Makeup,Revlon,PhotoReady Concealer,22.0,12.0,3.0,1.51,67.0,5.0,27.0,Credit Card,4.0
2023-05-06,46-55,IL,Female,Low,PPC,Clothing,T-Shirts,Adidas,Performance,59.0,45.0,4.0,0.91,238.0,9.0,49.0,Digital Wallet,5.0
2023-05-06,66+,IL,Male,High,Organic,Electronics,Laptops,HP,Envy,951.0,700.0,1.0,1.83,951.0,12.0,239.0,Credit Card,4.0
2023-05-06,18-25,CA,Other,High,Organic,Beauty,Makeup,Maybelline,Fit Me Foundation,19.0,15.0,3.0,1.04,56.0,3.0,8.0,Credit Card,3.0
2023-05-06,36-45,NC,Female,Low,App,Electronics,Smartphones,Apple,iPhone 14,1016.0,700.0,3.0,1.21,3048.0,21.0,927.0,Debit Card,6.0
2023-05-06,18-25,TX,Other,Middle,Email,Electronics,Smartphones,Apple,iPhone 15,1095.0,800.0,3.0,0.6,3286.0,17.0,869.0,Digital Wallet,5.0
2023-05-06,26-35,IL,Male,Middle,Organic,Electronics,Laptops,Apple Laptop,MacBook Air M2,1305.0,1000.0,2.0,1.41,2610.0,20.0,590.0,Digital Wallet,5.0
2023-05-06,18-25,PA,Female,Middle,Organic,Home,Furniture,Ashley Furniture,Bed Frame,270.0,100.0,2.0,1.99,540.0,24.0,316.0,Digital Wallet,7.0
2023-05-06,66+,TX,Female,Middle,Others,Electronics,Smartphones,Samsung,Galaxy A32,299.0,250.0,1.0,1.41,299.0,7.0,42.0,Debit Card,5.0
2023-05-06,36-45,CA,Male,Middle,Organic,Clothing,Jeans,Wrangler,Authentics,56.0,30.0,1.0,0.57,56.0,3.0,23.0,Credit Card,3.0
2023-05-06,18-25,NC,Female,Middle,App,Electronics,Laptops,Apple Laptop,MacBook Pro M3,1935.0,1500.0,2.0,0.94,3870.0,22.0,847.0,Credit Card,6.0
2023-05-06,36-45,NY,Male,Middle,Organic,Clothing,T-Shirts,Nike,Pro,52.0,30.0,3.0,0.66,156.0,9.0,57.0,Credit Card,2.0
2023-05-06,56-65,FL,Male,High,PPC,Clothing,Jeans,Levis,501 Original,92.0,60.0,3.0,1.41,276.0,8.0,88.0,Credit Card,4.0
2023-05-06,18-25,CA,Female,Middle,Organic,Beauty,Skincare,Neutrogena,Hydro Boost Gel,27.0,20.0,2.0,1.31,53.0,3.0,10.0,Credit Card,5.0
2023-05-06,36-45,CA,Female,Middle,Others,Electronics,Smartphones,Apple,iPhone SE,620.0,400.0,1.0,0.66,620.0,5.0,214.0,Digital Wallet,3.0
2023-05-06,46-55,CA,Male,Low,App,Clothing,T-Shirts,Nike,Pro,53.0,30.0,1.0,1.38,53.0,3.0,20.0,Debit Card,2.0
2023-05-06,66+,FL,Other,Middle,Affiliates,Home,Beds,Serta,iComfort,2372.0,1900.0,2.0,1.35,4745.0,27.0,918.0,Debit Card,4.0
2023-05-06,26-35,OH,Male,Low,Organic,Clothing,T-Shirts,Nike,Dry-FIT,22.0,20.0,5.0,1.72,111.0,9.0,3.0,Credit Card,5.0
2023-05-06,66+,CA,Male,Low,App,Beauty,Makeup,Maybelline,Fit Me Foundation,24.0,15.0,3.0,1.67,71.0,3.0,23.0,Debit Card,4.0
2023-05-06,18-25,NY,Male,High,Affiliates,Clothing,T-Shirts,Adidas,Essentials,59.0,35.0,2.0,1.22,118.0,8.0,40.0,Digital Wallet,4.0
2023-05-06,56-65,CA,Female,Low,App,Beauty,Makeup,Maybelline,Lash Sensational Mascara,15.0,10.0,6.0,1.28,89.0,4.0,25.0,Credit Card,4.0
2023-05-06,18-25,FL,Male,Low,Email,Clothing,T-Shirts,Adidas,Essentials,41.0,35.0,4.0,0.84,166.0,8.0,18.0,Credit Card,6.0
2023-05-06,26-35,GA,Other,Middle,Organic,Clothing,Jeans,Wrangler,Authentics,51.0,30.0,3.0,1.51,154.0,6.0,59.0,Digital Wallet,4.0
2023-05-06,26-35,FL,Female,Low,App,Electronics,Smartphones,Samsung,Galaxy S21,842.0,500.0,2.0,1.2,1683.0,13.0,670.0,Debit Card,6.0
2023-05-06,46-55,TX,Other,Low,PPC,Clothing,Jeans,Wrangler,Authentics,46.0,30.0,3.0,1.73,137.0,7.0,41.0,Credit Card,4.0
2023-05-06,36-45,NC,Male,Middle,App,Beauty,Makeup,Maybelline,Lash Sensational Mascara,13.0,10.0,2.0,1.45,26.0,7.0,-1.0,Digital Wallet,5.0
2023-05-06,56-65,MI,Female,Middle,Others,Electronics,Smartphones,Apple,iPhone 14,987.0,700.0,1.0,0.73,987.0,10.0,278.0,Credit Card,3.0
2023-05-06,18-25,TX,Male,Middle,Others,Beauty,Skincare,Neutrogena,Oil-Free Acne Wash,18.0,15.0,3.0,1.88,55.0,4.0,6.0,Credit Card,5.0
2023-05-06,56-65,NY,Other,Low,Others,Electronics,Laptops,Dell,Inspiron,906.0,600.0,1.0,0.51,906.0,13.0,292.0,Credit Card,4.0
2023-05-06,26-35,CA,Other,Low,App,Clothing,T-Shirts,Adidas,Essentials,52.0,35.0,1.0,0.71,52.0,3.0,14.0,BNPL,3.0
2023-05-06,36-45,IL,Male,Middle,Organic,Clothing,Jeans,Wrangler,Authentics,46.0,30.0,1.0,0.86,46.0,6.0,11.0,Digital Wallet,5.0
2023-05-06,18-25,TX,Female,Low,Email,Beauty,Makeup,Revlon,PhotoReady Concealer,21.0,12.0,5.0,0.68,107.0,5.0,42.0,BNPL,5.0
2023-05-06,46-55,GA,Other,Middle,Organic,Beauty,Skincare,Neutrogena,Rapid Wrinkle Repair,28.0,20.0,4.0,1.83,111.0,4.0,27.0,Digital Wallet,5.0
2023-05-06,26-35,PA,Female,Middle,Email,Beauty,Skincare,Neutrogena,Oil-Free Acne Wash,21.0,15.0,3.0,1.17,64.0,6.0,14.0,Digital Wallet,6.0
2023-05-06,18-25,PA,Female,Middle,Email,Electronics,Smartphones,Apple,iPhone SE,592.0,400.0,3.0,1.67,1777.0,19.0,558.0,Digital Wallet,4.0
2023-05-06,46-55,TX,Male,Middle,Affiliates,Electronics,Smartphones,Samsung,Galaxy S21,842.0,500.0,3.0,1.02,2525.0,17.0,1007.0,Digital Wallet,5.0
2023-05-06,18-25,PA,Male,Middle,Affiliates,Beauty,Makeup,Maybelline,Fit Me Foundation,16.0,15.0,2.0,1.55,32.0,5.0,-3.0,Credit Card,4.0
2023-05-06,56-65,TX,Female,Middle,App,Home,Furniture,IKEA,Kallax Shelf,88.0,60.0,1.0,1.43,88.0,12.0,16.0,Digital Wallet,3.0
2023-05-06,18-25,CA,Female,High,Others,Electronics,Smartphones,Samsung,Galaxy Z Fold 5,1941.0,1500.0,2.0,0.51,3882.0,10.0,872.0,Credit Card,4.0
2023-05-06,56-65,CA,Other,Middle,Affiliates,Home,Beds,Tempur-Pedic,Cloud Supreme,2243.0,1800.0,1.0,1.14,2243.0,12.0,431.0,Credit Card,3.0
2023-05-06,26-35,NC,Female,High,App,Beauty,Makeup,Revlon,ColorStay Lipstick,22.0,15.0,4.0,0.78,88.0,9.0,19.0,Debit Card,5.0
2023-05-06,66+,NY,Female,Middle,Email,Clothing,Jeans,Levis,501 Original,88.0,60.0,3.0,0.9,264.0,10.0,74.0,Digital Wallet,5.0
2023-05-06,56-65,NY,Female,Middle,Others,Beauty,Makeup,Revlon,ColorStay Lipstick,23.0,15.0,6.0,0.57,137.0,9.0,38.0,Digital Wallet,5.0
2023-05-06,18-25,NY,Male,Low,App,Electronics,Smartphones,Apple,iPhone SE,572.0,400.0,1.0,0.78,572.0,10.0,162.0,Credit Card,3.0
2023-05-06,26-35,TX,Female,Low,Email,Clothing,Jeans,Levis,501 Original,85.0,60.0,2.0,0.96,170.0,5.0,45.0,Credit Card,4.0
2023-05-06,18-25,NY,Other,Low,App,Beauty,Skincare,Neutrogena,Rapid Wrinkle Repair,35.0,20.0,4.0,1.02,139.0,8.0,51.0,Digital Wallet,4.0
2023-05-06,36-45,GA,Male,High,Others,Electronics,Smartphones,Apple,iPhone 14,1021.0,700.0,1.0,1.62,1021.0,6.0,314.0,Digital Wallet,3.0
2023-05-06,66+,CA,Other,Middle,Affiliates,Beauty,Makeup,Maybelline,Fit Me Foundation,19.0,15.0,6.0,1.99,114.0,4.0,21.0,Digital Wallet,4.0
2023-05-06,26-35,TX,Other,Middle,PPC,Electronics,Smartphones,Samsung,Galaxy S21,883.0,500.0,3.0,1.68,2650.0,17.0,1133.0,Digital Wallet,5.0
2023-05-06,56-65,IL,Male,Middle,Others,Electronics,Smartphones,Apple,iPhone 14,1007.0,700.0,14.0,0.78,14099.0,74.0,4225.0,Debit Card,9.0
2023-05-06,56-65,OH,Female,Low,Email,Clothing,Jeans,Levis,Slim Fit,75.0,50.0,1.0,1.23,75.0,4.0,21.0,Debit Card,4.0
2023-05-06,46-55,FL,Male,Low,Others,Electronics,Smartphones,Apple,iPhone 15,1109.0,800.0,2.0,1.64,2219.0,13.0,606.0,Digital Wallet,5.0
2023-05-06,56-65,FL,Female,Middle,PPC,Home,Furniture,IKEA,Kallax Shelf,79.0,60.0,2.0,1.56,159.0,23.0,16.0,Digital Wallet,6.0
2023-05-06,36-45,NC,Female,Middle,Organic,Home,Furniture,IKEA,Billy Bookcase,107.0,100.0,1.0,1.63,107.0,16.0,-9.0,BNPL,4.0
2023-05-06,26-35,MI,Male,Middle,Organic,Clothing,Jeans,Levis,Slim Fit,78.0,50.0,2.0,1.84,156.0,8.0,48.0,Debit Card,6.0
2023-05-06,18-25,PA,Male,Low,Email,Beauty,Makeup,Maybelline,Fit Me Foundation,24.0,15.0,1.0,0.72,24.0,4.0,4.0,Credit Card,4.0
2023-05-06,26-35,PA,Male,Middle,Organic,Clothing,T-Shirts,Nike,Dry-FIT,30.0,20.0,4.0,1.15,121.0,9.0,32.0,Credit Card,7.0
2023-05-06,46-55,TX,Male,High,Organic,Clothing,T-Shirts,Nike,Sportswear,39.0,25.0,3.0,0.56,118.0,6.0,37.0,Debit Card,6.0
2023-05-06,66+,TX,Female,Middle,Others,Electronics,Smartphones,Samsung,Galaxy S21,824.0,500.0,2.0,0.86,1649.0,12.0,637.0,Credit Card,4.0
2023-05-06,18-25,CA,Male,High,Organic,Clothing,T-Shirts,Nike,Sportswear,38.0,25.0,4.0,1.57,153.0,5.0,48.0,Digital Wallet,4.0
2023-05-06,36-45,CA,Female,Middle,Affiliates,Beauty,Makeup,Revlon,PhotoReady Concealer,18.0,12.0,5.0,0.98,91.0,3.0,28.0,Credit Card,4.0
2023-05-06,36-45,GA,Other,Middle,Affiliates,Electronics,Laptops,Apple Laptop,MacBook Pro M3,1940.0,1500.0,1.0,1.73,1940.0,9.0,431.0,Debit Card,4.0
2023-05-06,46-55,CA,Female,Low,App,Beauty,Makeup,Revlon,ColorStay Lipstick,20.0,15.0,2.0,1.46,40.0,3.0,7.0,Credit Card,2.0
2023-05-06,46-55,OH,Female,Middle,App,Beauty,Makeup,Maybelline,Fit Me Foundation,18.0,15.0,4.0,0.83,72.0,5.0,7.0,Credit Card,6.0
2023-05-06,66+,FL,Female,Middle,Others,Home,Furniture,IKEA,Kallax Shelf,76.0,60.0,2.0,0.74,152.0,23.0,9.0,Debit Card,5.0
2023-05-06,26-35,PA,Female,Low,Organic,Clothing,Jeans,Wrangler,Authentics,53.0,30.0,1.0,1.75,53.0,5.0,18.0,Credit Card,3.0
2023-05-06,66+,OH,Female,Low,Organic,Clothing,Jeans,Wrangler,Authentics,48.0,30.0,2.0,1.55,96.0,6.0,31.0,Digital Wallet,4.0
2023-05-06,66+,CA,Female,Middle,App,Home,Furniture,Ashley Furniture,Dining Table,386.0,200.0,1.0,1.75,386.0,10.0,176.0,BNPL,4.0
2023-05-06,66+,TX,Female,Middle,Affiliates,Electronics,Smartphones,Apple,iPhone 14,987.0,700.0,3.0,1.52,2961.0,17.0,844.0,Debit Card,5.0
2023-05-06,36-45,PA,Male,Middle,App,Electronics,Smartphones,Apple,iPhone SE,609.0,400.0,1.0,0.86,609.0,9.0,200.0,Credit Card,6.0
2023-05-06,26-35,NY,Male,Middle,PPC,Clothing,T-Shirts,Nike,Sportswear,43.0,25.0,2.0,0.79,86.0,8.0,28.0,Credit Card,5.0
